Row Labels	Day 5- 23C (Silo 9)/sum*100	Day 5- 29C (Silo 8)/sum*100	Day 8- 23C (Silo 9)/sum*100	Day 8- 29C (Silo 8)/sum*100
Grand Total	15	32	22	32
CGI_10018876	15	31	22	32
CGI_10022729	16	31	22	32
CGI_10003492	16	31	22	31
CGI_10003491	16	30	22	31
CGI_10024579	16	30	22	31
CGI_10022730	16	30	22	31
CGI_10024572	16	30	22	31
CGI_10003490	16	30	22	31
CGI_10017112	15	32	22	31
CGI_10021674	15	31	22	33
CGI_10028599	15	30	22	33
CGI_10028600	15	30	22	33
CGI_10028601	15	30	22	33
CGI_10028603	15	30	22	33
CGI_10028604	15	30	22	33
CGI_10022732	18	30	23	30
CGI_10022731	16	30	21	32
CGI_10022093	14	32	22	32
CGI_10022733	18	29	23	30
CGI_10012330	8	39	17	36
CGI_10019752	8	39	17	36
CGI_10001653	16	32	20	32
CGI_10010163	8	40	17	36
CGI_10021673	18	30	24	28
CGI_10013249	16	30	23	31
CGI_10012474	12	38	21	29
CGI_10024998	10	38	18	33
CGI_10028602	16	30	22	32
CGI_10024999	10	38	18	33
CGI_10018930	10	38	19	33
CGI_10017757	20	27	23	29
CGI_10019835	7	39	17	37
CGI_10007570	11	37	19	33
CGI_10002456	10	38	19	34
CGI_10025109	13	33	20	34
CGI_10002455	11	36	20	33
CGI_10025110	14	31	21	34
CGI_10010873	14	29	21	35
CGI_10017621	13	36	21	30
CGI_10002454	12	37	20	31
CGI_10008247	11	38	17	34
CGI_10024501	13	31	25	31
CGI_10026048	14	34	24	28
CGI_10021481	12	34	19	35
CGI_10025378	10	34	17	40
CGI_10003521	13	34	22	31
CGI_10015492	8	40	15	36
CGI_10017178	17	29	28	26
CGI_10010974	10	35	20	35
CGI_10013347	12	33	22	32
CGI_10001407	17	29	28	25
CGI_10005267	10	33	16	42
CGI_10013164	15	30	20	35
CGI_10005591	14	31	25	31
CGI_10005248	37	26	20	17
CGI_10017753	20	25	21	33
CGI_10012610	12	33	20	36
CGI_10015916	13	37	17	33
CGI_10001798	12	37	17	33
CGI_10011081	9	41	17	33
CGI_10025730	9	42	14	34
CGI_10011577	19	30	27	25
CGI_10015200	19	30	27	25
CGI_10015917	11	38	17	34
CGI_10003110	13	32	21	33
CGI_10025401	13	29	25	33
CGI_10011652	13	36	18	32
CGI_10024268	12	36	21	31
CGI_10015202	13	34	22	30
CGI_10026848	8	42	22	28
CGI_10001587	16	28	22	34
CGI_10006316	16	28	22	34
CGI_10008567	14	33	17	37
CGI_10021159	15	30	25	30
CGI_10012556	13	34	22	32
CGI_10026641	12	33	20	35
CGI_10025180	18	31	22	29
CGI_10027022	30	26	28	15
CGI_10025934	10	34	24	32
CGI_10025721	13	34	18	35
CGI_10027192	14	32	25	29
CGI_10012231	11	37	20	32
CGI_10011029	10	38	18	35
CGI_10003417	7	39	17	38
CGI_10021165	14	31	26	28
CGI_10025534	17	29	27	27
CGI_10020662	19	24	34	23
CGI_10018235	14	34	20	31
CGI_10008834	13	39	16	33
CGI_10013880	10	39	17	34
CGI_10006684	16	31	25	28
CGI_10008717	13	32	22	33
CGI_10006016	11	36	18	35
CGI_10013293	13	32	20	34
CGI_10028368	11	33	19	36
CGI_10022332	15	35	19	31
CGI_10022396	17	33	22	29
CGI_10014966	8	37	21	34
CGI_10004762	18	28	26	28
CGI_10020922	14	29	27	29
CGI_10022154	9	35	19	37
CGI_10028694	16	32	22	30
CGI_10014916	12	36	22	30
CGI_10008722	11	36	18	35
CGI_10027300	11	36	18	35
CGI_10002689	24	27	19	30
CGI_10009876	15	30	26	30
CGI_10027502	14	33	16	37
CGI_10024887	12	32	23	33
CGI_10020447	13	31	23	33
CGI_10000194	15	31	25	29
CGI_10001245	19	30	20	30
CGI_10015152	13	32	24	31
CGI_10023717	15	34	25	26
CGI_10019423	20	30	25	25
CGI_10006610	8	45	14	34
CGI_10024309	13	35	21	31
CGI_10010682	10	35	27	29
CGI_10010529	10	37	23	30
CGI_10023610	5	38	16	41
CGI_10022058	10	37	17	35
CGI_10002375	20	31	27	23
CGI_10028148	15	31	24	30
CGI_10007702	15	30	25	30
CGI_10012555	7	37	20	35
CGI_10006807	22	32	21	24
CGI_10018743	9	41	23	27
CGI_10015004	6	37	17	40
CGI_10028202	9	34	24	33
CGI_10016722	13	31	33	24
CGI_10018568	14	33	22	30
CGI_10014226	10	34	24	32
CGI_10016721	12	31	33	24
CGI_10000602	19	31	21	29
CGI_10024772	12	37	25	26
CGI_10021712	19	30	26	25
CGI_10016162	8	41	16	34
CGI_10016140	17	29	22	32
CGI_10023084	13	34	21	32
CGI_10027917	18	31	22	29
CGI_10026913	17	44	18	22
CGI_10018053	9	35	18	37
CGI_10004092	0	17	11	72
CGI_10018833	0	17	11	72
CGI_10013084	20	33	23	24
CGI_10019448	13	29	20	38
CGI_10015322	0	47	12	41
CGI_10025379	16	34	21	30
CGI_10007104	14	33	23	29
CGI_10017454	13	31	22	34
CGI_10028469	14	33	22	32
CGI_10015666	14	36	15	35
CGI_10000595	11	32	26	32
CGI_10009164	11	32	26	32
CGI_10021647	13	34	23	30
CGI_10009847	8	40	15	37
CGI_10026535	12	34	26	28
CGI_10020975	20	32	25	23
CGI_10026681	17	38	17	27
CGI_10013163	20	32	27	20
CGI_10006022	22	30	21	27
CGI_10002594	10	37	17	35
CGI_10010646	10	37	17	35
CGI_10010647	10	37	17	35
CGI_10019801	11	36	20	33
CGI_10013845	15	30	24	32
CGI_10027157	15	32	23	30
CGI_10017823	12	38	18	32
CGI_10017958	18	32	22	28
CGI_10004346	17	31	25	28
CGI_10025556	11	37	19	33
CGI_10019050	11	33	21	35
CGI_10017309	12	34	20	33
CGI_10006000	13	33	27	26
CGI_10003553	10	36	13	41
CGI_10012348	10	18	39	32
CGI_10008390	8	35	18	39
CGI_10008101	15	33	23	29
CGI_10006482	24	25	24	27
CGI_10026186	14	32	21	33
CGI_10007812	9	38	15	38
CGI_10015642	13	31	21	36
CGI_10011125	10	38	17	35
CGI_10008531	15	33	21	31
CGI_10021397	8	35	21	36
CGI_10017227	13	35	18	34
CGI_10008455	14	34	18	33
CGI_10008056	13	20	21	46
CGI_10008061	13	20	21	46
CGI_10008067	13	20	21	46
CGI_10008072	13	20	21	46
CGI_10008077	13	20	21	46
CGI_10008082	13	20	21	46
CGI_10008087	13	20	21	46
CGI_10023458	12	35	19	35
CGI_10028508	7	33	23	36
CGI_10019706	9	42	22	26
CGI_10006413	14	35	24	28
CGI_10022551	9	35	18	38
CGI_10007347	15	32	22	31
CGI_10014767	20	29	27	24
CGI_10022483	16	30	21	33
CGI_10012729	17	29	29	25
CGI_10007551	10	36	13	41
CGI_10010622	17	33	23	27
CGI_10020105	11	36	22	31
CGI_10008057	8	37	15	41
CGI_10008062	8	37	15	41
CGI_10008068	8	37	15	41
CGI_10008073	8	37	15	41
CGI_10008078	8	37	15	41
CGI_10008083	8	37	15	41
CGI_10026148	0	16	13	71
CGI_10007757	13	38	23	26
CGI_10023335	14	34	22	30
CGI_10005185	11	33	18	38
CGI_10004652	21	26	22	31
CGI_10009395	15	32	25	28
CGI_10011640	17	30	26	27
CGI_10027210	92	3	2	3
CGI_10019253	13	29	15	44
CGI_10024475	17	35	22	27
CGI_10003462	12	33	19	36
CGI_10012671	6	33	18	43
CGI_10020961	12	29	28	30
CGI_10021482	16	30	19	35
CGI_10025809	9	36	17	38
CGI_10021483	16	30	20	35
CGI_10011187	18	32	24	26
CGI_10028701	11	34	20	35
CGI_10021852	15	33	21	31
CGI_10007057	12	36	23	29
CGI_10004855	6	38	14	43
CGI_10019707	9	43	22	26
CGI_10018683	11	34	22	32
CGI_10004563	12	33	26	30
CGI_10006272	14	31	18	37
CGI_10016720	20	32	24	24
CGI_10019696	22	29	25	25
CGI_10012808	16	37	24	24
CGI_10003765	19	32	21	28
CGI_10014332	19	29	34	18
CGI_10012611	10	24	23	44
CGI_10025445	20	28	29	24
CGI_10027347	16	30	22	32
CGI_10021398	12	31	24	33
CGI_10008877	13	33	20	34
CGI_10023439	12	29	24	35
CGI_10024554	10	36	27	27
CGI_10025126	12	33	22	33
CGI_10003539	13	34	19	33
CGI_10014752	12	32	21	35
CGI_10005226	10	38	23	30
CGI_10009537	17	30	21	33
CGI_10027566	13	34	23	31
CGI_10019543	12	35	26	28
CGI_10025594	18	29	21	31
CGI_10020381	11	34	19	36
CGI_10003564	20	33	24	24
CGI_10020153	6	42	14	37
CGI_10009326	4	44	19	33
CGI_10008055	11	26	17	45
CGI_10016741	10	41	25	24
CGI_10013062	8	38	18	35
CGI_10019631	15	31	24	30
CGI_10003372	16	34	28	22
CGI_10005346	11	35	21	33
CGI_10009991	22	25	28	25
CGI_10008688	14	33	18	36
CGI_10020867	20	29	29	22
CGI_10023440	14	33	23	30
CGI_10021874	11	36	24	29
CGI_10012472	10	34	16	40
CGI_10023407	17	30	22	31
CGI_10016257	12	37	21	29
CGI_10024289	13	36	20	31
CGI_10026639	11	32	20	37
CGI_10001665	16	51	6	27
CGI_10005425	9	30	21	41
CGI_10015523	15	29	23	33
CGI_10000231	6	38	13	43
CGI_10025935	10	38	20	32
CGI_10001663	11	33	27	30
CGI_10023627	15	35	18	33
CGI_10018499	13	41	20	26
CGI_10020449	10	38	22	30
CGI_10022522	9	37	19	35
CGI_10023024	10	34	22	34
CGI_10021672	19	34	26	21
CGI_10012871	14	29	24	33
CGI_10003170	8	42	12	38
CGI_10017163	13	41	19	28
CGI_10025806	7	33	18	42
CGI_10003355	8	37	18	37
CGI_10025192	21	28	27	24
CGI_10012919	4	39	16	40
CGI_10021773	4	39	16	40
CGI_10017767	8	39	24	29
CGI_10000096	11	38	19	33
CGI_10021848	11	38	19	33
CGI_10019175	16	33	20	30
CGI_10016366	11	33	20	36
CGI_10020746	12	33	23	33
CGI_10014243	17	34	19	30
CGI_10011511	14	32	21	32
CGI_10020579	9	37	15	39
CGI_10001357	18	23	26	32
CGI_10014314	13	31	20	35
CGI_10007733	14	32	23	31
CGI_10013567	13	34	26	28
CGI_10003354	12	39	21	28
CGI_10007455	0	54	0	46
CGI_10012353	9	37	25	29
CGI_10026412	21	32	23	25
CGI_10009059	9	28	21	42
CGI_10027742	9	28	21	42
CGI_10021188	13	33	22	32
CGI_10026265	14	30	19	37
CGI_10000075	10	36	17	37
CGI_10020305	10	36	17	37
CGI_10008664	7	36	19	38
CGI_10028384	7	64	26	3
CGI_10001648	17	29	26	28
CGI_10003329	17	29	26	28
CGI_10009719	12	31	22	35
CGI_10014553	17	33	18	33
CGI_10017461	8	37	16	39
CGI_10013946	12	30	24	35
CGI_10019942	11	33	24	32
CGI_10002226	13	31	28	28
CGI_10023649	13	31	28	28
CGI_10003195	10	25	19	46
CGI_10018918	16	30	24	30
CGI_10008607	10	37	22	31
CGI_10007751	12	32	27	29
CGI_10012574	13	26	21	39
CGI_10017255	13	34	19	34
CGI_10005381	14	36	18	32
CGI_10007643	12	31	30	26
CGI_10001640	5	39	19	37
CGI_10027254	10	27	31	32
CGI_10004058	12	34	24	30
CGI_10014092	16	31	25	27
CGI_10010021	11	34	23	33
CGI_10001493	13	36	26	25
CGI_10007931	13	36	26	25
CGI_10009812	9	41	19	31
CGI_10026047	6	36	21	37
CGI_10005784	5	37	16	41
CGI_10007050	15	34	24	27
CGI_10018336	20	25	32	24
CGI_10002311	15	31	20	33
CGI_10023767	26	28	22	24
CGI_10007483	16	34	21	29
CGI_10027449	11	33	17	38
CGI_10023347	18	31	22	29
CGI_10018261	18	31	23	28
CGI_10022016	15	31	25	29
CGI_10013291	4	39	15	42
CGI_10028471	13	34	25	28
CGI_10001554	11	36	28	25
CGI_10019491	13	31	22	34
CGI_10007870	12	30	25	34
CGI_10018067	16	34	18	32
CGI_10026056	19	29	27	25
CGI_10026385	13	34	23	30
CGI_10015426	13	35	19	33
CGI_10017582	14	33	17	36
CGI_10019530	13	32	19	36
CGI_10010841	16	30	25	28
CGI_10023099	4	39	22	35
CGI_10005552	21	32	20	27
CGI_10017668	17	36	22	25
CGI_10012452	17	31	25	28
CGI_10022015	8	42	14	37
CGI_10017403	14	28	24	34
CGI_10019654	8	33	21	38
CGI_10015576	25	44	9	22
CGI_10028032	23	31	21	25
CGI_10026867	12	35	19	34
CGI_10004478	10	52	13	26
CGI_10017251	14	29	21	36
CGI_10006939	22	26	23	29
CGI_10026346	6	42	23	29
CGI_10017557	15	34	20	30
CGI_10002919	10	42	26	22
CGI_10017292	10	42	26	22
CGI_10012156	27	26	20	26
CGI_10005339	16	33	18	33
CGI_10018844	37	29	18	16
CGI_10018845	37	29	18	16
CGI_10008332	9	43	14	34
CGI_10020238	8	37	17	38
CGI_10014151	12	28	32	27
CGI_10022305	15	33	20	33
CGI_10017030	3	47	14	35
CGI_10019522	20	33	21	25
CGI_10011113	19	30	24	27
CGI_10026058	18	31	25	26
CGI_10028871	14	29	20	38
CGI_10004590	9	34	16	41
CGI_10027129	8	42	13	37
CGI_10022163	15	31	24	31
CGI_10012352	8	43	17	33
CGI_10010480	19	32	23	26
CGI_10004564	14	36	22	28
CGI_10001705	11	33	27	29
CGI_10015155	14	31	24	32
CGI_10020432	13	30	23	34
CGI_10026515	17	29	26	28
CGI_10024065	7	34	27	33
CGI_10007986	8	41	19	33
CGI_10023479	12	31	28	29
CGI_10004179	17	32	20	32
CGI_10023716	20	30	18	32
CGI_10011031	11	37	17	36
CGI_10015239	7	32	19	42
CGI_10024801	14	27	28	31
CGI_10018991	16	31	26	28
CGI_10025016	10	35	24	31
CGI_10016965	12	34	28	26
CGI_10027448	16	34	17	33
CGI_10019936	12	16	26	46
CGI_10028528	3	42	18	37
CGI_10020409	15	27	28	31
CGI_10024545	9	35	18	38
CGI_10016812	14	35	24	27
CGI_10012339	12	38	16	33
CGI_10011934	12	38	21	29
CGI_10010028	9	36	14	41
CGI_10007134	13	34	21	32
CGI_10021957	16	31	27	26
CGI_10021754	14	27	19	40
CGI_10009651	16	34	24	26
CGI_10020973	6	34	19	41
CGI_10021563	6	44	18	32
CGI_10000078	12	37	18	33
CGI_10015118	8	34	24	34
CGI_10027722	14	33	15	39
CGI_10003981	12	16	26	47
CGI_10014208	11	33	20	35
CGI_10024342	9	37	19	34
CGI_10011964	15	29	23	34
CGI_10028775	12	34	20	33
CGI_10008493	17	38	17	27
CGI_10022642	9	42	13	36
CGI_10026868	9	34	22	34
CGI_10024132	19	28	25	28
CGI_10003886	17	31	20	32
CGI_10002160	9	40	19	32
CGI_10013115	10	29	28	33
CGI_10018366	10	38	16	35
CGI_10008850	11	37	10	42
CGI_10024931	12	31	23	35
CGI_10010066	16	34	23	28
CGI_10009093	8	41	15	36
CGI_10012828	13	37	22	28
CGI_10004395	18	30	24	28
CGI_10013578	23	29	29	19
CGI_10022032	10	32	23	35
CGI_10015594	19	31	24	27
CGI_10010936	14	27	26	33
CGI_10027501	6	40	16	39
CGI_10020147	11	30	19	39
CGI_10023704	8	56	20	16
CGI_10013959	12	34	19	35
CGI_10015425	15	32	22	31
CGI_10012951	20	25	29	25
CGI_10007699	6	41	13	40
CGI_10015025	16	37	16	31
CGI_10006964	22	30	23	25
CGI_10025561	13	27	25	36
CGI_10007774	7	38	20	34
CGI_10021971	11	32	23	34
CGI_10021644	7	35	18	41
CGI_10003310	9	27	20	44
CGI_10028856	17	32	21	29
CGI_10014915	22	34	21	23
CGI_10017263	14	31	26	29
CGI_10027384	23	28	24	25
CGI_10018049	14	33	20	33
CGI_10008220	15	32	20	34
CGI_10023805	23	29	20	28
CGI_10003697	8	41	22	30
CGI_10022027	18	31	21	29
CGI_10008392	11	35	22	33
CGI_10005171	23	22	28	27
CGI_10007857	14	41	19	26
CGI_10003614	2	1	1	96
CGI_10013850	15	33	21	30
CGI_10020905	18	31	22	29
CGI_10028648	14	34	20	32
CGI_10019489	16	32	24	28
CGI_10022558	11	31	21	37
CGI_10001571	9	35	26	31
CGI_10004901	15	33	18	34
CGI_10026696	11	22	24	43
CGI_10006691	25	29	22	25
CGI_10020764	14	35	21	31
CGI_10019057	5	41	9	44
CGI_10022856	19	26	27	27
CGI_10018096	11	33	27	29
CGI_10014244	16	33	19	32
CGI_10016767	6	37	19	38
CGI_10013176	21	33	20	27
CGI_10019470	10	32	23	34
CGI_10006422	12	35	25	28
CGI_10005311	12	41	20	27
CGI_10015458	7	43	14	36
CGI_10014632	19	31	23	27
CGI_10022234	5	43	20	32
CGI_10021435	9	39	20	32
CGI_10006015	11	33	12	44
CGI_10023612	21	30	26	23
CGI_10027858	37	27	10	26
CGI_10014726	17	36	20	27
CGI_10009700	24	20	22	35
CGI_10007209	18	30	24	28
CGI_10016530	17	32	22	29
CGI_10024352	8	32	19	41
CGI_10002873	12	34	21	33
CGI_10003538	11	39	17	33
CGI_10010842	19	28	26	27
CGI_10024320	18	27	26	29
CGI_10004931	16	30	20	35
CGI_10008477	5	36	14	44
CGI_10008507	13	30	24	34
CGI_10010679	20	15	28	37
CGI_10026642	10	34	19	36
CGI_10003285	10	34	18	37
CGI_10008943	23	30	20	28
CGI_10027326	15	33	21	31
CGI_10024680	9	34	22	34
CGI_10027446	16	31	23	29
CGI_10021428	11	39	17	33
CGI_10018742	9	46	22	24
CGI_10013214	6	36	22	37
CGI_10022767	17	31	20	32
CGI_10016230	15	41	22	22
CGI_10019674	24	1	33	42
CGI_10023072	13	30	21	36
CGI_10008059	6	35	15	45
CGI_10025264	11	35	26	28
CGI_10023765	11	32	20	37
CGI_10013678	11	32	25	32
CGI_10006442	12	34	20	35
CGI_10014628	21	24	29	26
CGI_10015793	9	39	16	36
CGI_10026043	18	31	23	27
CGI_10010994	15	38	14	33
CGI_10007607	15	43	21	21
CGI_10014474	7	35	26	33
CGI_10013041	13	31	25	30
CGI_10010975	11	24	41	25
CGI_10009859	10	31	24	35
CGI_10009679	11	30	24	34
CGI_10007039	14	32	18	36
CGI_10008716	12	32	25	30
CGI_10026299	12	32	22	34
CGI_10001851	14	38	14	34
CGI_10000690	14	35	16	36
CGI_10008810	14	30	28	28
CGI_10009092	12	41	16	31
CGI_10013254	10	34	23	33
CGI_10017442	16	29	25	30
CGI_10003785	11	34	25	31
CGI_10025667	14	35	21	29
CGI_10011765	10	35	19	36
CGI_10000669	13	42	23	22
CGI_10016408	14	31	23	33
CGI_10022042	9	35	21	35
CGI_10010740	13	29	26	32
CGI_10025157	11	28	22	39
CGI_10016295	17	25	28	29
CGI_10024743	15	30	28	27
CGI_10023109	6	53	23	18
CGI_10005951	13	41	23	23
CGI_10025279	6	43	18	33
CGI_10015449	13	33	22	32
CGI_10004771	11	33	21	36
CGI_10007144	11	32	21	36
CGI_10007887	3	43	11	43
CGI_10008403	36	0	64	0
CGI_10023524	10	30	26	34
CGI_10008942	24	23	24	29
CGI_10017942	24	36	28	12
CGI_10026874	8	38	24	30
CGI_10014711	16	28	26	29
CGI_10011375	4	49	7	40
CGI_10021069	11	36	26	26
CGI_10003289	7	29	20	44
CGI_10014111	17	27	24	32
CGI_10006552	13	35	22	29
CGI_10008661	20	18	39	23
CGI_10024493	10	37	21	32
CGI_10000067	17	31	20	33
CGI_10019790	17	31	20	33
CGI_10006002	13	37	25	24
CGI_10017195	9	44	16	31
CGI_10025663	8	31	20	42
CGI_10008443	6	37	15	42
CGI_10022306	35	24	19	22
CGI_10025448	13	36	21	31
CGI_10007212	10	32	24	35
CGI_10014473	20	28	32	20
CGI_10027046	19	27	25	29
CGI_10018003	15	32	22	30
CGI_10019472	14	30	23	33
CGI_10003930	12	35	20	33
CGI_10016808	15	35	21	29
CGI_10010306	12	38	14	36
CGI_10003914	17	29	21	33
CGI_10017528	18	34	22	27
CGI_10008482	18	32	25	25
CGI_10008446	22	29	24	26
CGI_10026345	9	42	14	35
CGI_10025410	11	33	21	35
CGI_10011025	6	42	15	37
CGI_10015729	18	36	19	27
CGI_10021123	10	33	20	36
CGI_10013051	15	51	12	22
CGI_10013314	4	55	10	30
CGI_10018074	11	35	25	29
CGI_10021968	15	29	24	33
CGI_10003628	18	31	21	30
CGI_10022421	6	36	22	36
CGI_10001659	8	34	22	35
CGI_10024980	16	30	19	34
CGI_10017854	23	29	23	25
CGI_10017921	17	38	16	30
CGI_10018089	14	35	20	32
CGI_10011146	18	38	15	30
CGI_10011393	16	35	12	36
CGI_10018455	32	28	25	15
CGI_10005485	10	42	21	26
CGI_10001333	12	34	22	31
CGI_10003308	13	37	22	28
CGI_10026468	23	26	24	27
CGI_10005788	18	27	22	33
CGI_10022811	20	29	23	28
CGI_10024981	17	37	14	32
CGI_10027701	12	36	23	29
CGI_10024605	19	32	21	28
CGI_10009641	15	33	23	30
CGI_10011160	17	28	26	30
CGI_10025943	13	35	21	31
CGI_10022112	14	37	26	23
CGI_10021368	17	28	24	31
CGI_10025768	14	32	23	31
CGI_10016138	15	22	20	44
CGI_10001106	15	28	18	40
CGI_10017187	15	28	18	40
CGI_10016941	5	30	29	36
CGI_10027743	16	33	21	31
CGI_10000045	13	36	18	33
CGI_10019425	13	36	18	33
CGI_10003396	8	40	22	30
CGI_10009501	7	29	22	42
CGI_10018567	24	26	19	31
CGI_10015638	11	39	18	32
CGI_10000633	2	40	25	34
CGI_10015606	20	28	25	26
CGI_10010837	5	42	15	38
CGI_10017923	7	39	18	36
CGI_10022820	10	41	20	29
CGI_10007052	21	27	28	24
CGI_10007054	21	27	28	24
CGI_10008924	21	27	28	24
CGI_10014601	12	58	16	14
CGI_10023851	18	36	25	21
CGI_10011818	10	36	21	32
CGI_10024227	28	28	17	27
CGI_10014465	12	33	19	36
CGI_10023426	11	39	19	31
CGI_10023389	12	38	24	26
CGI_10006533	13	33	25	28
CGI_10018338	16	34	19	32
CGI_10007641	10	28	29	33
CGI_10020655	19	40	7	33
CGI_10006837	11	38	21	29
CGI_10017011	4	33	34	30
CGI_10018777	18	30	25	27
CGI_10014598	16	28	32	25
CGI_10025353	11	37	22	30
CGI_10015357	2	33	26	39
CGI_10018072	18	31	23	27
CGI_10006586	13	33	20	35
CGI_10017246	19	29	18	33
CGI_10020344	11	35	16	38
CGI_10010714	14	33	28	25
CGI_10002248	11	30	21	38
CGI_10023847	18	30	22	30
CGI_10023337	28	19	17	36
CGI_10022007	12	38	16	34
CGI_10015435	11	37	18	34
CGI_10000360	0	47	15	38
CGI_10007933	0	47	15	38
CGI_10000487	19	30	25	26
CGI_10027458	11	36	15	39
CGI_10003143	13	33	25	30
CGI_10028078	11	35	19	36
CGI_10003139	18	32	24	26
CGI_10010150	16	38	21	24
CGI_10012743	9	38	18	35
CGI_10014879	20	44	20	16
CGI_10012406	10	39	21	29
CGI_10021960	11	38	21	29
CGI_10018240	28	32	22	19
CGI_10024594	16	32	21	30
CGI_10022939	11	40	30	19
CGI_10009642	8	38	16	38
CGI_10016294	16	25	25	34
CGI_10000224	21	26	28	25
CGI_10001466	21	26	28	25
CGI_10012454	21	26	28	25
CGI_10022687	21	26	28	25
CGI_10006848	17	32	21	29
CGI_10018964	24	33	27	16
CGI_10026256	10	32	18	40
CGI_10026254	11	37	14	38
CGI_10015969	16	32	27	26
CGI_10010415	20	32	22	25
CGI_10000494	17	32	17	34
CGI_10023098	13	40	31	17
CGI_10024274	6	41	11	42
CGI_10018929	5	38	15	42
CGI_10015197	9	29	21	41
CGI_10009310	12	42	10	37
CGI_10015601	4	38	17	41
CGI_10010860	13	31	22	33
CGI_10022178	12	36	19	32
CGI_10023363	20	27	22	31
CGI_10000759	14	31	21	34
CGI_10006089	14	31	21	34
CGI_10015222	9	44	25	21
CGI_10019634	27	27	26	20
CGI_10021264	11	38	22	29
CGI_10027835	8	43	13	36
CGI_10008173	15	32	23	30
CGI_10006577	13	37	12	38
CGI_10007925	13	37	12	38
CGI_10008151	18	31	25	25
CGI_10004722	11	38	22	29
CGI_10012277	11	38	22	29
CGI_10016388	11	38	22	29
CGI_10018017	11	38	22	29
CGI_10027260	11	38	22	29
CGI_10027262	11	38	22	29
CGI_10008456	11	38	21	30
CGI_10005130	15	34	23	28
CGI_10015573	15	34	23	28
CGI_10028568	26	12	19	43
CGI_10022074	17	38	24	21
CGI_10010434	13	28	19	40
CGI_10016016	3	22	9	66
CGI_10024279	13	29	21	36
CGI_10017186	9	23	31	36
CGI_10009185	17	28	30	25
CGI_10018985	17	34	22	27
CGI_10028360	5	42	13	39
CGI_10012468	13	40	17	30
CGI_10018862	5	35	22	39
CGI_10025486	10	31	18	41
CGI_10005086	15	29	27	29
CGI_10025609	14	34	19	33
CGI_10026274	17	36	23	24
CGI_10005825	25	43	16	17
CGI_10020339	12	32	20	37
CGI_10025791	13	35	23	29
CGI_10013422	18	30	22	29
CGI_10015460	14	34	19	34
CGI_10022441	17	32	20	31
CGI_10008615	2	42	20	36
CGI_10015921	17	31	19	33
CGI_10011333	13	29	19	39
CGI_10001748	6	44	9	41
CGI_10007732	14	34	22	29
CGI_10003169	15	38	25	23
CGI_10015436	11	35	20	34
CGI_10011751	5	32	17	46
CGI_10027059	11	38	25	26
CGI_10003671	8	34	25	33
CGI_10019060	13	35	21	31
CGI_10003549	20	23	28	28
CGI_10020348	10	36	18	37
CGI_10024066	10	39	11	40
CGI_10019738	2	50	2	47
CGI_10006457	18	29	26	28
CGI_10012796	15	36	25	23
CGI_10022004	0	29	18	52
CGI_10019072	13	37	17	33
CGI_10013025	14	35	19	32
CGI_10010586	9	37	17	37
CGI_10021793	13	43	24	20
CGI_10018434	46	21	13	20
CGI_10008815	14	29	26	31
CGI_10013803	70	17	3	9
CGI_10013459	9	33	22	36
CGI_10023418	8	37	23	31
CGI_10019059	13	37	23	27
CGI_10009177	8	35	25	33
CGI_10009400	24	15	14	47
CGI_10028829	19	31	25	26
CGI_10025810	9	43	14	34
CGI_10020048	20	33	19	27
CGI_10007279	5	33	23	39
CGI_10025079	15	34	18	33
CGI_10010305	8	39	16	37
CGI_10020353	16	34	26	24
CGI_10003897	10	33	23	35
CGI_10021580	1	2	0	97
CGI_10000905	10	37	22	31
CGI_10022688	5	40	11	45
CGI_10005813	10	33	18	40
CGI_10021236	13	30	23	33
CGI_10022878	13	30	23	33
CGI_10028199	15	34	17	34
CGI_10019504	13	31	20	35
CGI_10023942	12	39	14	35
CGI_10010587	30	28	19	24
CGI_10017283	14	36	20	29
CGI_10026809	14	36	20	29
CGI_10027003	16	32	26	26
CGI_10002040	17	28	26	29
CGI_10004554	6	39	18	37
CGI_10015182	4	48	6	42
CGI_10005580	20	38	22	20
CGI_10005808	7	34	24	35
CGI_10017041	14	35	20	32
CGI_10012408	7	29	17	46
CGI_10018864	15	31	24	30
CGI_10019286	18	29	23	30
CGI_10019208	12	35	18	34
CGI_10008099	10	37	19	34
CGI_10019584	20	24	30	26
CGI_10013122	16	30	21	33
CGI_10003566	20	28	25	27
CGI_10010003	26	33	19	22
CGI_10013805	74	16	2	8
CGI_10019080	10	34	17	39
CGI_10012746	76	9	4	11
CGI_10022749	6	42	20	32
CGI_10014082	34	2	61	2
CGI_10009069	15	31	20	34
CGI_10005258	16	35	17	32
CGI_10020015	11	35	19	35
CGI_10005023	10	34	19	37
CGI_10014961	16	33	18	33
CGI_10020146	13	33	21	32
CGI_10005420	9	41	15	35
CGI_10011080	1	50	14	34
CGI_10015808	15	39	21	24
CGI_10013296	5	39	21	35
CGI_10018510	9	29	26	37
CGI_10012685	14	59	10	18
CGI_10023427	12	37	20	30
CGI_10028115	7	50	21	22
CGI_10006896	21	25	22	32
CGI_10000384	10	38	16	36
CGI_10011151	10	38	16	36
CGI_10017066	13	35	22	30
CGI_10021361	10	36	19	34
CGI_10014715	18	30	25	26
CGI_10028436	10	36	23	31
CGI_10005509	6	40	14	40
CGI_10007222	27	25	27	21
CGI_10028301	8	31	28	33
CGI_10023578	7	36	18	39
CGI_10028359	5	43	13	39
CGI_10026893	13	37	17	34
CGI_10024151	13	33	17	37
CGI_10015804	22	27	26	25
CGI_10008551	10	36	19	35
CGI_10008933	9	37	22	32
CGI_10022530	14	36	24	26
CGI_10021688	9	29	20	42
CGI_10004060	12	32	18	39
CGI_10011253	17	32	25	26
CGI_10023724	19	30	22	28
CGI_10002661	11	30	28	31
CGI_10022651	12	33	25	30
CGI_10015156	15	30	24	32
CGI_10004435	15	8	9	67
CGI_10019410	7	30	15	48
CGI_10011426	4	4	38	54
CGI_10023684	11	31	23	35
CGI_10014861	14	34	21	31
CGI_10002180	2	27	16	56
CGI_10001718	21	27	21	31
CGI_10023359	39	2	58	0
CGI_10021888	5	41	7	47
CGI_10025924	5	70	9	16
CGI_10011108	10	37	23	30
CGI_10002862	9	39	18	35
CGI_10011327	18	17	28	38
CGI_10012614	6	37	15	42
CGI_10014624	17	29	24	30
CGI_10002671	10	34	20	35
CGI_10012736	5	38	19	38
CGI_10008152	23	25	28	25
CGI_10023956	13	33	21	33
CGI_10003086	9	29	26	37
CGI_10021989	7	35	14	44
CGI_10017976	18	29	26	28
CGI_10017773	17	24	33	26
CGI_10020984	9	48	15	28
CGI_10001808	22	39	23	16
CGI_10013486	15	37	22	26
CGI_10022387	13	40	16	31
CGI_10022388	13	40	16	31
CGI_10011587	17	32	22	29
CGI_10000462	8	36	22	34
CGI_10020575	19	34	24	24
CGI_10003331	50	12	28	10
CGI_10016819	11	41	25	23
CGI_10027951	6	43	18	33
CGI_10008851	7	40	20	33
CGI_10003670	6	38	19	38
CGI_10006640	7	38	21	34
CGI_10012096	17	34	19	30
CGI_10016017	9	36	19	36
CGI_10028468	22	29	22	27
CGI_10013221	18	34	22	26
CGI_10008613	14	41	22	23
CGI_10027648	11	33	20	36
CGI_10006873	7	56	37	0
CGI_10000050	8	40	16	37
CGI_10010410	8	40	16	37
CGI_10004479	38	31	8	22
CGI_10026539	8	24	28	40
CGI_10016431	19	28	18	34
CGI_10017544	5	38	15	42
CGI_10019390	10	37	19	33
CGI_10006790	14	31	24	32
CGI_10024760	46	10	23	22
CGI_10023366	6	37	13	44
CGI_10012130	11	35	21	33
CGI_10011913	12	36	20	32
CGI_10000237	14	36	13	37
CGI_10010298	14	36	13	37
CGI_10017543	8	37	19	35
CGI_10002264	11	30	21	37
CGI_10016111	86	0	14	0
CGI_10012072	11	43	31	15
CGI_10018508	9	56	16	19
CGI_10007711	12	24	22	41
CGI_10016214	13	40	23	24
CGI_10017744	14	45	15	26
CGI_10001797	9	43	21	26
CGI_10007816	16	42	19	22
CGI_10021128	6	21	13	61
CGI_10014337	16	38	17	29
CGI_10023200	0	46	26	29
CGI_10028335	6	37	13	43
CGI_10023522	16	38	24	23
CGI_10007670	25	26	19	30
CGI_10011948	12	26	25	37
CGI_10020174	5	40	18	36
CGI_10011301	22	27	26	25
CGI_10021849	11	33	21	35
CGI_10004936	27	26	25	22
CGI_10020448	11	23	17	49
CGI_10022643	2	58	7	34
CGI_10008895	14	34	18	34
CGI_10027395	8	45	16	32
CGI_10026448	14	34	20	32
CGI_10012585	7	41	21	31
CGI_10027967	18	32	20	31
CGI_10003696	15	35	23	27
CGI_10014929	11	30	24	35
CGI_10016244	17	30	16	37
CGI_10009798	23	21	33	24
CGI_10015501	21	33	24	22
CGI_10012635	14	32	19	35
CGI_10010359	11	36	21	32
CGI_10010423	12	34	27	27
CGI_10012002	6	32	21	41
CGI_10025095	3	46	15	36
CGI_10024026	10	30	24	36
CGI_10005254	29	19	22	31
CGI_10000124	9	39	14	37
CGI_10026720	11	33	27	28
CGI_10024818	8	37	15	40
CGI_10008757	11	30	23	35
CGI_10025760	9	38	23	31
CGI_10012127	13	31	28	29
CGI_10007499	13	29	18	40
CGI_10024803	57	11	14	18
CGI_10014211	9	39	15	37
CGI_10017494	24	24	23	29
CGI_10007593	16	33	21	30
CGI_10008707	9	38	13	40
CGI_10015920	16	35	19	30
CGI_10018571	12	38	21	28
CGI_10018576	15	33	22	30
CGI_10014112	14	36	19	30
CGI_10012333	17	35	17	31
CGI_10016779	14	38	22	26
CGI_10006300	13	24	16	47
CGI_10011753	10	34	28	28
CGI_10027462	17	31	22	30
CGI_10021675	16	34	24	26
CGI_10014506	13	27	22	38
CGI_10027205	8	36	21	35
CGI_10016806	10	39	12	39
CGI_10011554	10	40	18	32
CGI_10022792	16	32	22	30
CGI_10026068	24	44	15	17
CGI_10016672	15	38	15	33
CGI_10011875	7	39	21	33
CGI_10020754	8	40	25	28
CGI_10000581	13	37	21	28
CGI_10023064	7	47	26	19
CGI_10016718	23	33	24	20
CGI_10023126	15	33	20	33
CGI_10025135	11	36	16	36
CGI_10016790	38	0	0	62
CGI_10010858	15	33	20	31
CGI_10022071	7	36	25	32
CGI_10007860	1	57	2	40
CGI_10028147	13	36	20	31
CGI_10021682	8	48	28	17
CGI_10023905	9	72	19	0
CGI_10013974	17	29	30	25
CGI_10022793	5	39	23	33
CGI_10022184	37	22	22	19
CGI_10012419	7	26	31	37
CGI_10004785	16	33	21	31
CGI_10005338	16	33	21	31
CGI_10018345	6	30	19	45
CGI_10028125	36	17	5	42
CGI_10006874	16	29	28	26
CGI_10017401	31	32	18	18
CGI_10022239	17	29	25	29
CGI_10008947	9	38	36	17
CGI_10006472	14	35	17	35
CGI_10015076	16	28	25	32
CGI_10017640	6	38	17	39
CGI_10000268	22	27	26	25
CGI_10016534	12	31	35	21
CGI_10016196	16	30	23	31
CGI_10026413	16	30	23	31
CGI_10010450	15	29	24	33
CGI_10010029	11	43	13	32
CGI_10003665	11	30	21	38
CGI_10018525	13	30	24	34
CGI_10009178	18	30	25	26
CGI_10013697	7	34	24	35
CGI_10017503	10	33	9	48
CGI_10006989	11	40	14	35
CGI_10000220	11	32	25	31
CGI_10025938	1	1	35	64
CGI_10010343	11	30	26	33
CGI_10017042	1	22	55	22
CGI_10020335	17	28	28	27
CGI_10024017	17	28	28	27
CGI_10010880	14	37	18	31
CGI_10004885	14	36	16	33
CGI_10006559	10	25	21	44
CGI_10015695	17	29	23	32
CGI_10022384	7	42	16	34
CGI_10022230	4	3	4	89
CGI_10024245	11	34	35	21
CGI_10026072	16	29	24	31
CGI_10022091	15	39	16	29
CGI_10000893	13	31	19	37
CGI_10028873	0	38	23	39
CGI_10025479	14	32	30	25
CGI_10014759	17	32	18	33
CGI_10025622	17	36	12	36
CGI_10001107	14	27	21	38
CGI_10012191	19	25	28	27
CGI_10013799	18	32	26	24
CGI_10008341	3	45	8	44
CGI_10006343	11	35	17	37
CGI_10002296	13	33	22	32
CGI_10000573	5	36	22	37
CGI_10006213	14	34	19	33
CGI_10017982	14	19	20	46
CGI_10013384	19	25	35	22
CGI_10028684	84	4	0	11
CGI_10004231	3	32	19	46
CGI_10023787	16	35	19	30
CGI_10021822	12	28	31	29
CGI_10016485	7	50	11	31
CGI_10009951	14	45	18	24
CGI_10005551	12	38	19	31
CGI_10025850	3	39	10	48
CGI_10004836	12	33	25	31
CGI_10025805	17	27	12	44
CGI_10010378	15	35	14	36
CGI_10004063	42	18	22	18
CGI_10026751	26	40	14	21
CGI_10013957	9	33	18	41
CGI_10006430	7	31	19	44
CGI_10003481	14	31	21	34
CGI_10010914	8	32	24	35
CGI_10007861	9	32	25	34
CGI_10000132	14	34	20	32
CGI_10021953	14	34	20	32
CGI_10017362	11	39	21	29
CGI_10013978	11	35	22	32
CGI_10002687	3	15	63	19
CGI_10004474	32	31	19	18
CGI_10018507	18	28	31	22
CGI_10004631	18	35	30	18
CGI_10014958	20	26	16	38
CGI_10015393	0	42	5	52
CGI_10000611	5	37	21	38
CGI_10024074	15	25	22	38
CGI_10025345	11	28	25	37
CGI_10000405	18	25	26	31
CGI_10020262	21	22	9	48
CGI_10012019	17	27	21	34
CGI_10013568	12	33	27	27
CGI_10008015	18	34	30	18
CGI_10020477	20	23	30	27
CGI_10021716	11	21	35	33
CGI_10001875	8	35	16	41
CGI_10024361	7	33	27	32
CGI_10026004	11	29	27	33
CGI_10019389	16	23	25	36
CGI_10028182	43	14	32	11
CGI_10008964	11	25	24	40
CGI_10007216	19	22	32	27
CGI_10017915	10	42	17	31
CGI_10017600	19	28	22	31
CGI_10011808	9	29	17	46
CGI_10000789	41	30	18	11
CGI_10009514	12	33	25	30
CGI_10014547	11	34	19	36
CGI_10018075	9	36	13	42
CGI_10021231	20	27	28	25
CGI_10007225	12	27	19	42
CGI_10019827	20	27	17	36
CGI_10010550	4	43	15	38
CGI_10009645	15	36	12	37
CGI_10006935	8	32	25	35
CGI_10002881	8	29	23	40
CGI_10026183	12	46	13	29
CGI_10020890	13	28	31	28
CGI_10012056	7	36	17	40
CGI_10009816	22	28	13	37
CGI_10012078	21	32	25	21
CGI_10008434	0	54	12	34
CGI_10010919	11	32	30	27
CGI_10006585	10	33	21	36
CGI_10014835	31	16	32	21
CGI_10028470	5	45	16	33
CGI_10019894	16	32	23	29
CGI_10003818	11	40	22	27
CGI_10008454	16	43	19	22
CGI_10009327	8	37	11	44
CGI_10017742	14	34	22	30
CGI_10023778	6	49	17	28
CGI_10027263	12	33	28	27
CGI_10003174	5	33	21	40
CGI_10013222	11	36	19	34
CGI_10026894	4	41	13	42
CGI_10015898	27	24	25	24
CGI_10007259	8	45	17	30
CGI_10004477	13	31	25	30
CGI_10013230	7	20	24	49
CGI_10028819	0	61	0	39
CGI_10020236	28	30	17	25
CGI_10025315	20	23	29	28
CGI_10001658	7	37	20	35
CGI_10023148	13	28	15	43
CGI_10021237	15	29	29	27
CGI_10009495	6	35	19	39
CGI_10003913	17	30	23	30
CGI_10007237	17	30	23	30
CGI_10003299	8	53	6	33
CGI_10005428	12	31	30	27
CGI_10024288	5	45	17	33
CGI_10015124	13	31	27	28
CGI_10022743	18	24	32	26
CGI_10013259	22	32	20	26
CGI_10016964	8	34	14	44
CGI_10005424	8	28	25	39
CGI_10007560	13	36	17	34
CGI_10008893	16	0	27	57
CGI_10008695	2	41	25	32
CGI_10016097	22	34	24	19
CGI_10018115	18	33	20	29
CGI_10003157	2	39	10	50
CGI_10018951	9	33	26	32
CGI_10025364	8	45	15	32
CGI_10021125	11	37	13	39
CGI_10025596	10	13	29	49
CGI_10016946	21	2	28	48
CGI_10027380	5	37	16	42
CGI_10012758	9	43	7	41
CGI_10018548	18	27	28	27
CGI_10025762	22	28	22	27
CGI_10023886	7	37	22	34
CGI_10021514	12	32	22	33
CGI_10003541	12	36	19	33
CGI_10006353	10	24	25	41
CGI_10026140	15	34	20	31
CGI_10014579	17	36	28	20
CGI_10023360	10	28	29	33
CGI_10014742	11	38	19	32
CGI_10002799	20	30	17	32
CGI_10012066	12	39	25	25
CGI_10000235	9	37	21	33
CGI_10024853	10	25	14	52
CGI_10008866	9	36	17	38
CGI_10010911	4	39	21	36
CGI_10003535	16	30	18	36
CGI_10009216	16	30	18	36
CGI_10015396	12	34	21	34
CGI_10028223	17	38	12	34
CGI_10026011	12	49	19	21
CGI_10021366	13	32	26	28
CGI_10005358	9	36	17	38
CGI_10020990	12	34	23	31
CGI_10006977	15	35	15	34
CGI_10014532	23	27	29	21
CGI_10023721	15	22	19	44
CGI_10017702	12	36	21	31
CGI_10015552	7	44	8	40
CGI_10024996	12	35	13	40
CGI_10023573	22	22	29	27
CGI_10007640	29	28	19	25
CGI_10028154	17	35	13	36
CGI_10027080	14	35	30	21
CGI_10004461	1	41	16	43
CGI_10026982	1	41	16	43
CGI_10016417	5	41	22	32
CGI_10020924	15	28	15	42
CGI_10011558	35	19	23	23
CGI_10011866	0	37	27	36
CGI_10023422	19	33	26	22
CGI_10011708	10	31	16	43
CGI_10005672	16	35	21	28
CGI_10004459	17	36	24	22
CGI_10022452	13	47	18	22
CGI_10023658	9	40	24	27
CGI_10023113	19	20	39	22
CGI_10016498	17	25	29	29
CGI_10003625	10	47	17	26
CGI_10015203	5	36	18	41
CGI_10019268	11	34	23	32
CGI_10000733	22	24	32	21
CGI_10009644	12	31	26	31
CGI_10028016	10	33	22	35
CGI_10025662	18	32	15	36
CGI_10007561	13	33	21	33
CGI_10005722	14	36	17	33
CGI_10010906	6	40	12	42
CGI_10000691	13	26	27	34
CGI_10006302	13	26	27	34
CGI_10014372	31	26	25	18
CGI_10013441	16	41	15	28
CGI_10008941	14	33	21	32
CGI_10001846	22	28	26	23
CGI_10010868	22	28	26	23
CGI_10027277	100	0	0	0
CGI_10027652	7	25	36	32
CGI_10013575	6	37	20	37
CGI_10025004	0	50	50	0
CGI_10021248	9	18	29	44
CGI_10024386	12	31	25	32
CGI_10016539	18	30	27	24
CGI_10020479	12	38	16	34
CGI_10013485	22	35	19	25
CGI_10020112	18	28	26	28
CGI_10024851	3	49	9	39
CGI_10026173	0	100	0	0
CGI_10019640	9	34	16	41
CGI_10027195	18	42	14	26
CGI_10011109	4	42	16	37
CGI_10018259	11	26	24	38
CGI_10023150	8	37	18	36
CGI_10003477	15	33	20	32
CGI_10013089	22	24	28	27
CGI_10016312	13	39	21	27
CGI_10002341	22	25	29	24
CGI_10013833	11	32	21	36
CGI_10014541	19	32	22	26
CGI_10025827	7	37	20	36
CGI_10020805	39	22	27	12
CGI_10010628	0	55	1	44
CGI_10019677	27	21	27	25
CGI_10002034	2	39	14	45
CGI_10008836	11	31	27	31
CGI_10016752	18	32	20	30
CGI_10017018	12	30	24	34
CGI_10026214	3	55	5	36
CGI_10022438	5	37	7	51
CGI_10021567	16	32	20	32
CGI_10025772	11	40	20	29
CGI_10015274	10	14	32	44
CGI_10002010	3	43	11	43
CGI_10012331	5	18	25	51
CGI_10001325	9	21	24	46
CGI_10019736	4	44	13	39
CGI_10010546	20	28	19	34
CGI_10025030	12	35	17	37
CGI_10028015	11	31	20	38
CGI_10010490	14	33	19	35
CGI_10014623	65	8	14	13
CGI_10020389	13	32	22	33
CGI_10023367	2	35	22	42
CGI_10026431	8	35	31	26
CGI_10007355	18	31	17	34
CGI_10009015	14	35	25	27
CGI_10022003	1	28	17	55
CGI_10022815	9	32	24	36
CGI_10011069	4	39	18	38
CGI_10006821	19	42	16	23
CGI_10027635	20	21	37	23
CGI_10001793	10	13	28	50
CGI_10023785	15	31	25	28
CGI_10010558	8	17	15	60
CGI_10021866	7	34	21	39
CGI_10022994	7	38	15	39
CGI_10024681	17	27	25	32
CGI_10013691	12	39	23	26
CGI_10009836	14	29	24	33
CGI_10013011	4	53	5	37
CGI_10025236	38	17	30	15
CGI_10006021	17	33	18	32
CGI_10018566	7	27	23	43
CGI_10013642	10	39	23	27
CGI_10010178	10	27	19	44
CGI_10021270	12	36	20	31
CGI_10018575	30	22	19	29
CGI_10016837	20	28	28	24
CGI_10027733	72	1	27	0
CGI_10008020	92	0	0	8
CGI_10024581	8	44	10	37
CGI_10026549	14	30	16	39
CGI_10004513	20	27	26	26
CGI_10018461	10	15	27	47
CGI_10010897	16	31	21	32
CGI_10018924	17	26	24	34
CGI_10004156	11	20	21	47
CGI_10023908	15	32	26	27
CGI_10015700	30	19	17	33
CGI_10025227	0	36	13	51
CGI_10015504	8	43	29	21
CGI_10021980	6	39	9	46
CGI_10028252	6	31	39	24
CGI_10005749	0	61	28	10
CGI_10010890	5	31	15	48
CGI_10028519	3	34	19	44
CGI_10022739	24	25	18	33
CGI_10023297	25	26	27	22
CGI_10018487	10	39	19	32
CGI_10010064	65	12	4	19
CGI_10008606	13	30	20	37
CGI_10026821	11	40	26	22
CGI_10008786	18	25	29	29
CGI_10023358	15	28	28	28
CGI_10016630	9	33	25	33
CGI_10013932	10	29	23	38
CGI_10002617	14	38	11	38
CGI_10002587	2	52	2	44
CGI_10003864	2	52	2	44
CGI_10026912	0	54	0	46
CGI_10026923	12	30	14	45
CGI_10019787	12	30	41	17
CGI_10022462	3	48	10	40
CGI_10026987	13	23	23	41
CGI_10010255	5	36	6	54
CGI_10019046	17	28	26	29
CGI_10010474	24	10	26	39
CGI_10019893	24	10	26	39
CGI_10022824	11	35	20	34
CGI_10017019	8	51	10	31
CGI_10022813	15	32	25	28
CGI_10024463	10	34	22	34
CGI_10006535	14	47	26	13
CGI_10009415	19	32	24	25
CGI_10020307	19	32	24	25
CGI_10023346	8	38	15	39
CGI_10017917	11	39	25	25
CGI_10012117	24	24	26	25
CGI_10006574	14	28	20	38
CGI_10020488	14	28	20	38
CGI_10021010	33	5	36	26
CGI_10017980	31	36	5	28
CGI_10018595	17	23	28	31
CGI_10020559	7	47	10	35
CGI_10025025	20	28	22	30
CGI_10010165	16	31	21	31
CGI_10021262	12	31	25	32
CGI_10020544	2	48	17	33
CGI_10018517	8	30	39	23
CGI_10000954	17	26	22	35
CGI_10027230	0	62	0	37
CGI_10017455	13	31	16	40
CGI_10016020	16	26	26	32
CGI_10028894	32	27	16	24
CGI_10012025	21	34	18	27
CGI_10024321	10	30	18	42
CGI_10000052	28	43	14	15
CGI_10012490	28	43	14	15
CGI_10022190	13	32	29	26
CGI_10004867	89	0	11	0
CGI_10027825	11	30	35	24
CGI_10004013	17	29	25	29
CGI_10004181	9	36	28	26
CGI_10009222	12	30	22	37
CGI_10019126	1	41	17	41
CGI_10006511	15	34	23	27
CGI_10023081	3	50	6	41
CGI_10013849	12	35	18	34
CGI_10016569	0	41	23	35
CGI_10026576	3	43	16	38
CGI_10000935	19	27	31	23
CGI_10012061	19	27	31	23
CGI_10012093	17	27	13	44
CGI_10020502	11	36	22	32
CGI_10011748	15	33	24	29
CGI_10004288	24	28	25	23
CGI_10000421	13	28	28	32
CGI_10027156	13	28	28	32
CGI_10000591	8	43	17	33
CGI_10011744	8	33	13	46
CGI_10010367	33	11	53	3
CGI_10017205	15	41	22	22
CGI_10007399	14	31	28	27
CGI_10010014	48	12	24	16
CGI_10016146	9	39	18	35
CGI_10000147	0	59	0	41
CGI_10024287	0	59	0	41
CGI_10022397	2	44	18	35
CGI_10019857	2	38	24	36
CGI_10024439	3	94	2	0
CGI_10019235	47	13	22	18
CGI_10024975	6	39	22	34
CGI_10028666	15	36	23	26
CGI_10022383	1	45	14	39
CGI_10013847	11	46	15	28
CGI_10022832	3	56	17	24
CGI_10023895	27	29	25	19
CGI_10026246	27	29	25	19
CGI_10003051	18	30	23	29
CGI_10027762	12	30	12	45
CGI_10009583	34	24	37	4
CGI_10012473	9	57	7	27
CGI_10027418	10	40	22	28
CGI_10006952	15	34	19	32
CGI_10006539	2	31	26	40
CGI_10022030	2	31	26	40
CGI_10022557	6	32	24	38
CGI_10002798	6	40	21	33
CGI_10002289	1	33	18	49
CGI_10019712	6	36	20	38
CGI_10017418	12	37	20	31
CGI_10021865	5	56	9	30
CGI_10002698	26	24	28	22
CGI_10023300	23	24	38	15
CGI_10009103	19	26	30	25
CGI_10012084	1	59	5	35
CGI_10002812	31	16	29	24
CGI_10013707	18	29	25	28
CGI_10018421	12	32	25	30
CGI_10027383	10	21	1	68
CGI_10001936	6	41	18	34
CGI_10010784	12	42	16	30
CGI_10026892	14	34	22	30
CGI_10006322	19	31	24	25
CGI_10024442	11	47	14	28
CGI_10023726	20	25	43	12
CGI_10005310	41	19	7	33
CGI_10001170	12	38	17	33
CGI_10010244	94	3	2	1
CGI_10016883	35	17	34	14
CGI_10025330	6	44	17	33
CGI_10016397	9	46	16	29
CGI_10009121	7	29	30	34
CGI_10019373	5	36	12	47
CGI_10021978	6	43	10	41
CGI_10006375	57	16	23	4
CGI_10022984	38	25	17	20
CGI_10004246	39	27	10	25
CGI_10015208	86	8	2	5
CGI_10024033	8	36	23	33
CGI_10005902	15	29	19	36
CGI_10019931	9	29	13	50
CGI_10023395	15	32	20	33
CGI_10023566	13	27	25	35
CGI_10020496	81	11	0	8
CGI_10020498	81	11	0	8
CGI_10011428	87	12	0	1
CGI_10027360	16	31	23	30
CGI_10010435	8	24	17	51
CGI_10003546	20	33	19	28
CGI_10015644	3	40	15	42
CGI_10013042	11	43	14	32
CGI_10022740	7	42	13	38
CGI_10003721	16	23	21	40
CGI_10025078	8	27	23	42
CGI_10003622	8	32	21	39
CGI_10023775	9	42	19	31
CGI_10012997	2	42	23	34
CGI_10009693	15	35	21	29
CGI_10012206	23	26	27	23
CGI_10018475	9	31	28	32
CGI_10007563	8	41	17	34
CGI_10016469	6	33	14	47
CGI_10021635	15	35	20	30
CGI_10005879	6	37	12	45
CGI_10004436	20	26	24	31
CGI_10009281	10	18	25	47
CGI_10023437	0	87	0	13
CGI_10015970	11	30	19	40
CGI_10014090	12	26	27	35
CGI_10011782	22	37	23	17
CGI_10009320	0	100	0	0
CGI_10008929	11	59	17	13
CGI_10011129	15	29	27	29
CGI_10009826	67	15	9	10
CGI_10015841	67	15	9	10
CGI_10023377	15	46	36	3
CGI_10009786	17	29	25	30
CGI_10014207	16	37	17	30
CGI_10027107	15	19	53	13
CGI_10004518	10	35	19	36
CGI_10001126	20	46	9	24
CGI_10016777	14	34	25	26
CGI_10025812	4	43	20	34
CGI_10001190	15	44	19	23
CGI_10024984	5	52	10	32
CGI_10014753	14	33	20	33
CGI_10025942	26	20	21	33
CGI_10014801	10	36	22	32
CGI_10020564	19	21	30	30
CGI_10022237	11	34	19	36
CGI_10013086	11	32	10	47
CGI_10027842	10	29	19	41
CGI_10021851	7	40	23	30
CGI_10013287	14	21	20	44
CGI_10000418	0	52	12	36
CGI_10011007	20	35	17	28
CGI_10008268	14	30	25	31
CGI_10019917	14	30	25	31
CGI_10028140	26	17	23	33
CGI_10026252	25	23	13	39
CGI_10006290	10	28	16	46
CGI_10027681	18	26	26	29
CGI_10026602	23	31	28	18
CGI_10011431	28	28	20	24
CGI_10011089	10	32	21	36
CGI_10019443	20	17	25	38
CGI_10014723	12	35	25	28
CGI_10019480	10	29	21	40
CGI_10020318	19	31	17	33
CGI_10004733	1	38	9	52
CGI_10013933	15	35	18	32
CGI_10025006	2	35	18	45
CGI_10013631	6	23	40	31
CGI_10008977	4	48	10	38
CGI_10007210	30	21	17	33
CGI_10007140	17	22	32	30
CGI_10011211	8	33	15	44
CGI_10004681	8	38	23	30
CGI_10026143	6	33	14	47
CGI_10019252	17	29	18	36
CGI_10020792	4	59	8	29
CGI_10021955	11	31	19	39
CGI_10020648	2	43	3	51
CGI_10003556	0	31	37	32
CGI_10022145	0	31	37	32
CGI_10011975	4	32	33	31
CGI_10014270	32	41	22	5
CGI_10020769	3	43	12	42
CGI_10013200	3	27	16	54
CGI_10004914	13	28	22	37
CGI_10024921	13	31	25	32
CGI_10002842	2	40	19	40
CGI_10003507	2	40	19	40
CGI_10004811	16	34	24	26
CGI_10000869	11	30	35	23
CGI_10017662	11	30	35	23
CGI_10005983	8	17	37	38
CGI_10003633	16	23	30	31
CGI_10025949	9	49	11	31
CGI_10004090	3	49	5	44
CGI_10019609	2	42	20	36
CGI_10027757	17	27	26	29
CGI_10018989	8	7	34	51
CGI_10009528	8	34	18	40
CGI_10022092	11	43	13	32
CGI_10006320	27	33	18	22
CGI_10012845	9	28	26	37
CGI_10016583	2	43	13	42
CGI_10011086	3	41	13	42
CGI_10010758	31	24	15	30
CGI_10008811	15	24	22	38
CGI_10019269	22	35	24	19
CGI_10008470	12	37	16	36
CGI_10006854	16	32	21	31
CGI_10018015	17	34	21	28
CGI_10023702	16	39	11	34
CGI_10011064	29	27	13	31
CGI_10025908	16	19	26	39
CGI_10019241	19	24	28	29
CGI_10022272	13	29	20	38
CGI_10022356	7	38	11	44
CGI_10002568	28	30	23	19
CGI_10018331	13	31	26	30
CGI_10013612	14	35	18	33
CGI_10025690	8	17	59	16
CGI_10017858	19	30	15	35
CGI_10026843	30	11	30	29
CGI_10010732	17	28	22	33
CGI_10007935	28	31	15	26
CGI_10027756	19	20	29	31
CGI_10015574	24	36	16	25
CGI_10000995	17	57	24	2
CGI_10020412	11	32	18	39
CGI_10012428	12	31	19	38
CGI_10007908	2	53	15	30
CGI_10023898	9	41	14	36
CGI_10007549	10	40	16	34
CGI_10021599	10	40	16	34
CGI_10025647	12	33	19	36
CGI_10012647	10	26	39	25
CGI_10027104	14	12	44	30
CGI_10008724	19	35	18	28
CGI_10026682	9	35	11	45
CGI_10006107	14	36	21	29
CGI_10000975	26	27	27	20
CGI_10024845	12	63	16	9
CGI_10006796	11	33	27	28
CGI_10024826	15	37	19	28
CGI_10025218	29	26	22	22
CGI_10021984	13	34	23	30
CGI_10020446	7	46	13	34
CGI_10006179	20	31	20	29
CGI_10007555	73	16	4	6
CGI_10016770	17	34	24	24
CGI_10004932	18	33	15	34
CGI_10021005	19	23	21	37
CGI_10012550	34	43	7	16
CGI_10026955	8	34	22	36
CGI_10013726	7	39	17	37
CGI_10017198	9	34	16	41
CGI_10009756	9	26	15	50
CGI_10018347	20	33	22	24
CGI_10005959	0	51	8	41
CGI_10012684	3	40	12	45
CGI_10004517	9	36	18	37
CGI_10007879	9	36	18	37
CGI_10008240	3	42	10	45
CGI_10021895	21	21	24	35
CGI_10014712	8	47	44	0
CGI_10028102	3	59	35	3
CGI_10012370	8	39	14	39
CGI_10002849	20	23	29	28
CGI_10015669	20	23	29	28
CGI_10016411	20	23	29	28
CGI_10028130	20	23	29	28
CGI_10005252	4	10	34	52
CGI_10012882	4	43	4	49
CGI_10016232	10	38	18	33
CGI_10002719	18	21	40	22
CGI_10024666	2	33	34	30
CGI_10022646	10	35	19	36
CGI_10022647	10	35	19	36
CGI_10022648	10	35	19	36
CGI_10006924	7	33	25	36
CGI_10004915	7	39	23	30
CGI_10009690	6	26	14	54
CGI_10028123	18	31	22	29
CGI_10020463	17	9	44	29
CGI_10020214	15	28	28	30
CGI_10027754	6	32	28	34
CGI_10026145	5	62	12	21
CGI_10023706	47	29	12	12
CGI_10028283	14	25	31	30
CGI_10026671	20	25	27	28
CGI_10016307	5	23	8	64
CGI_10025165	19	34	21	27
CGI_10010632	1	38	26	35
CGI_10015243	8	35	9	49
CGI_10005003	13	32	16	39
CGI_10007103	2	49	33	16
CGI_10015539	6	44	17	33
CGI_10007020	8	15	58	20
CGI_10005083	5	35	12	47
CGI_10013119	17	22	25	36
CGI_10024518	10	36	19	35
CGI_10007397	0	79	0	21
CGI_10022223	13	34	21	33
CGI_10011801	19	34	14	34
CGI_10014985	40	24	17	19
CGI_10010629	3	55	4	38
CGI_10008928	28	38	17	17
CGI_10006360	7	36	18	39
CGI_10006174	0	39	16	44
CGI_10019003	13	33	17	37
CGI_10024707	10	32	19	40
CGI_10018447	11	46	4	38
CGI_10015514	29	22	32	17
CGI_10018107	7	36	16	41
CGI_10017174	14	31	22	33
CGI_10021410	12	35	22	31
CGI_10009931	10	40	15	35
CGI_10003999	18	33	28	21
CGI_10016543	13	29	20	38
CGI_10002628	5	42	20	33
CGI_10006487	6	46	25	23
CGI_10001650	7	38	25	30
CGI_10015332	100	0	0	0
CGI_10010123	9	36	22	33
CGI_10024081	14	29	20	37
CGI_10027328	19	39	20	22
CGI_10021602	49	10	33	8
CGI_10019267	17	38	21	25
CGI_10006329	7	44	3	46
CGI_10013882	9	42	12	37
CGI_10020431	5	65	8	22
CGI_10024846	8	34	21	38
CGI_10007814	29	34	34	3
CGI_10020816	10	32	15	43
CGI_10008468	44	3	39	14
CGI_10010851	16	37	13	34
CGI_10026129	11	34	21	34
CGI_10002394	1	1	96	2
CGI_10005470	15	31	24	30
CGI_10022399	15	27	24	34
CGI_10010443	20	39	16	25
CGI_10000350	22	24	28	26
CGI_10021103	22	24	28	26
CGI_10001102	22	24	28	26
CGI_10006465	22	24	28	26
CGI_10011478	22	24	28	26
CGI_10028542	5	17	59	19
CGI_10016836	24	20	25	30
CGI_10003000	8	37	6	49
CGI_10009974	14	40	18	28
CGI_10014791	24	24	25	27
CGI_10004175	17	27	27	29
CGI_10027569	16	10	35	40
CGI_10007621	8	43	11	38
CGI_10012715	14	26	25	35
CGI_10008733	1	57	11	31
CGI_10024339	30	35	10	25
CGI_10021969	23	37	18	22
CGI_10023182	6	50	11	33
CGI_10027362	17	23	21	39
CGI_10004091	15	25	15	45
CGI_10016949	0	51	8	40
CGI_10016084	40	52	9	0
CGI_10010706	1	40	22	37
CGI_10000267	15	22	30	34
CGI_10027527	19	24	19	38
CGI_10006336	18	23	26	32
CGI_10006407	17	26	26	31
CGI_10011224	10	32	24	33
CGI_10001015	8	31	27	35
CGI_10019240	3	36	24	37
CGI_10015241	13	41	17	29
CGI_10017469	43	31	10	16
CGI_10021224	16	29	25	31
CGI_10014760	13	29	21	36
CGI_10022088	6	20	9	66
CGI_10007414	20	25	29	26
CGI_10015848	19	0	44	37
CGI_10009171	51	20	9	20
CGI_10005633	41	23	24	13
CGI_10003823	5	30	40	25
CGI_10024978	5	42	16	37
CGI_10021634	25	28	16	31
CGI_10013699	18	35	16	30
CGI_10012557	12	40	24	25
CGI_10028782	6	42	16	36
CGI_10014475	17	42	5	37
CGI_10013421	20	39	11	30
CGI_10012417	13	16	34	38
CGI_10017308	22	38	29	12
CGI_10023273	61	19	10	10
CGI_10026604	32	20	35	13
CGI_10012815	44	31	5	20
CGI_10013497	20	29	20	30
CGI_10026603	28	30	35	7
CGI_10021606	8	37	21	34
CGI_10017194	17	28	20	34
CGI_10004555	17	19	36	29
CGI_10009070	11	23	18	47
CGI_10024734	7	36	29	28
CGI_10005598	6	33	29	32
CGI_10014138	17	34	9	39
CGI_10024813	13	44	20	23
CGI_10028299	1	0	2	96
CGI_10012365	11	35	22	32
CGI_10028904	6	49	15	29
CGI_10006792	14	28	21	37
CGI_10026502	14	27	24	34
CGI_10003763	30	33	23	14
CGI_10022103	3	36	12	48
CGI_10003699	10	48	22	20
CGI_10009277	15	26	37	22
CGI_10016432	11	33	15	41
CGI_10009677	2	41	26	32
CGI_10024070	16	24	29	31
CGI_10024071	16	24	29	31
CGI_10024072	16	24	29	31
CGI_10000274	0	35	23	42
CGI_10021808	24	18	39	19
CGI_10005410	11	27	24	37
CGI_10025726	10	34	6	50
CGI_10010805	27	17	38	18
CGI_10012947	22	29	28	21
CGI_10022282	22	29	28	21
CGI_10022615	13	48	19	21
CGI_10007862	10	33	22	35
CGI_10015331	17	39	31	13
CGI_10020671	0	23	41	36
CGI_10018990	14	38	28	19
CGI_10006609	11	26	16	47
CGI_10012813	12	34	23	30
CGI_10004992	6	40	27	26
CGI_10001465	6	19	11	64
CGI_10008925	6	19	11	64
CGI_10012451	6	19	11	64
CGI_10013823	6	19	11	64
CGI_10021055	6	19	11	64
CGI_10026012	19	28	35	18
CGI_10017570	3	37	9	51
CGI_10013536	0	43	0	57
CGI_10021345	13	40	18	28
CGI_10000496	6	49	12	33
CGI_10008288	5	27	11	57
CGI_10013706	16	38	15	31
CGI_10022034	16	30	26	28
CGI_10014358	3	11	51	36
CGI_10023329	5	34	20	41
CGI_10010665	41	17	18	24
CGI_10020716	41	17	18	24
CGI_10023535	9	43	16	32
CGI_10008523	25	35	10	30
CGI_10017124	31	29	23	17
CGI_10008812	0	57	14	29
CGI_10018998	0	41	28	31
CGI_10025431	3	44	11	42
CGI_10018065	0	8	65	27
CGI_10004054	22	33	21	24
CGI_10013574	4	38	17	42
CGI_10002335	6	51	18	26
CGI_10020710	6	51	18	26
CGI_10009488	4	31	10	56
CGI_10028911	12	28	33	27
CGI_10004578	0	34	23	43
CGI_10010010	11	44	20	25
CGI_10021544	14	36	20	31
CGI_10022271	21	3	73	3
CGI_10019756	12	31	26	31
CGI_10015300	9	56	17	19
CGI_10009616	8	45	4	43
CGI_10009534	16	40	13	31
CGI_10021948	4	26	12	58
CGI_10014727	0	43	27	30
CGI_10011730	18	38	14	30
CGI_10011918	65	11	4	20
CGI_10024811	8	14	0	77
CGI_10011973	3	14	23	59
CGI_10016891	9	34	17	39
CGI_10023813	30	34	2	33
CGI_10028339	10	28	31	30
CGI_10025748	6	37	42	15
CGI_10014659	0	55	6	39
CGI_10028401	8	37	26	29
CGI_10005667	1	54	0	45
CGI_10008293	22	37	7	33
CGI_10011376	24	42	18	15
CGI_10021722	24	34	18	24
CGI_10019442	12	38	26	23
CGI_10009280	8	44	22	26
CGI_10007180	7	33	16	44
CGI_10014593	1	22	34	43
CGI_10003843	16	30	21	33
CGI_10006635	29	19	30	23
CGI_10003638	5	48	18	29
CGI_10018509	0	48	10	42
CGI_10004598	7	46	19	29
CGI_10005720	25	22	29	24
CGI_10004952	2	35	20	42
CGI_10003376	8	26	17	50
CGI_10003058	14	28	25	33
CGI_10003432	7	36	24	33
CGI_10007678	7	36	24	33
CGI_10020632	7	36	24	33
CGI_10021434	7	36	24	33
CGI_10023416	7	36	24	33
CGI_10024058	7	36	24	33
CGI_10004657	100	0	0	0
CGI_10016219	33	5	62	0
CGI_10003786	6	43	14	37
CGI_10018790	34	26	19	20
CGI_10003842	40	56	0	3
CGI_10014539	6	28	28	38
CGI_10021542	20	32	10	38
CGI_10017122	1	35	24	40
CGI_10010317	19	29	35	17
CGI_10023309	19	29	35	17
CGI_10016250	11	51	8	31
CGI_10025444	0	47	26	27
CGI_10028812	0	47	25	28
CGI_10011255	4	42	5	49
CGI_10003879	5	43	21	31
CGI_10016960	26	25	26	24
CGI_10011374	18	50	21	11
CGI_10005097	18	31	17	34
CGI_10005314	2	38	25	36
CGI_10010762	25	24	20	32
CGI_10003830	13	35	27	25
CGI_10025686	6	45	16	33
CGI_10028745	9	17	41	33
CGI_10024965	39	17	16	28
CGI_10003298	3	39	20	37
CGI_10014714	0	46	11	43
CGI_10028183	24	25	22	29
CGI_10025212	21	26	26	26
CGI_10020758	16	30	24	30
CGI_10015825	18	28	31	23
CGI_10022275	18	28	31	23
CGI_10001348	19	26	11	44
CGI_10028928	13	27	19	41
CGI_10008340	4	11	6	80
CGI_10003970	0	53	0	47
CGI_10001818	15	32	24	29
CGI_10005155	15	32	24	29
CGI_10019534	41	11	28	21
CGI_10006953	32	27	0	40
CGI_10018658	3	46	15	36
CGI_10018859	14	43	18	24
CGI_10024358	0	15	0	85
CGI_10012663	17	25	32	26
CGI_10005386	9	23	40	28
CGI_10007007	9	33	31	27
CGI_10024825	4	38	24	35
CGI_10008945	18	31	23	28
CGI_10024892	0	36	30	34
CGI_10006560	5	41	21	32
CGI_10020806	12	36	15	37
CGI_10018391	17	28	15	41
CGI_10010072	12	35	32	20
CGI_10006763	20	33	27	21
CGI_10021985	6	44	22	27
CGI_10005614	16	35	25	25
CGI_10020407	19	22	29	31
CGI_10008555	12	36	7	45
CGI_10010027	11	28	13	48
CGI_10019392	15	39	16	30
CGI_10009525	4	50	21	25
CGI_10005484	2	31	28	38
CGI_10010817	0	41	14	45
CGI_10014212	10	46	6	38
CGI_10016768	19	29	24	28
CGI_10009231	16	28	22	34
CGI_10026760	1	41	8	50
CGI_10007669	4	39	19	38
CGI_10010627	16	35	22	27
CGI_10007276	9	29	17	44
CGI_10020351	24	34	11	31
CGI_10022214	3	37	19	41
CGI_10019948	14	31	27	28
CGI_10004953	12	57	11	19
CGI_10012577	9	39	16	35
CGI_10015410	29	28	18	26
CGI_10000980	19	28	20	34
CGI_10015550	56	10	34	0
CGI_10008276	25	26	20	29
CGI_10006721	30	20	32	19
CGI_10011680	36	55	9	0
CGI_10016438	16	27	18	39
CGI_10003959	12	25	27	37
CGI_10023351	16	19	23	42
CGI_10008284	11	24	33	31
CGI_10019403	5	38	22	35
CGI_10003950	6	11	10	73
CGI_10009928	31	22	21	27
CGI_10002865	6	33	20	41
CGI_10027909	7	23	29	41
CGI_10010708	26	40	8	27
CGI_10027124	13	39	22	27
CGI_10018969	2	41	12	45
CGI_10025389	12	34	23	31
CGI_10005933	16	36	15	34
CGI_10021081	5	37	15	43
CGI_10000618	9	31	25	35
CGI_10003923	2	22	13	63
CGI_10009915	7	46	7	40
CGI_10020942	20	25	26	29
CGI_10010551	8	13	26	52
CGI_10010026	11	25	11	52
CGI_10026963	19	34	8	38
CGI_10005008	5	34	18	43
CGI_10020675	20	19	25	36
CGI_10021872	21	37	23	18
CGI_10014772	0	52	5	43
CGI_10007296	29	16	28	26
CGI_10000542	27	23	24	26
CGI_10016387	22	28	24	26
CGI_10014923	7	34	9	51
CGI_10013082	1	48	15	37
CGI_10005359	0	9	6	86
CGI_10011752	3	46	17	33
CGI_10018711	0	31	35	34
CGI_10015503	9	25	20	46
CGI_10006700	4	42	3	51
CGI_10009520	6	41	21	33
CGI_10027868	13	32	34	21
CGI_10010175	35	26	39	0
CGI_10012809	75	9	0	16
CGI_10020328	20	29	16	35
CGI_10016665	10	32	30	29
CGI_10013423	24	39	5	32
CGI_10012794	9	29	31	31
CGI_10028069	9	29	31	31
CGI_10028550	10	9	24	57
CGI_10021962	17	37	26	21
CGI_10009328	0	24	16	60
CGI_10013545	4	33	15	48
CGI_10004075	12	25	22	42
CGI_10021835	13	31	18	37
CGI_10008754	8	36	23	33
CGI_10004161	0	34	24	41
CGI_10023802	6	25	53	16
CGI_10008451	48	16	34	2
CGI_10003819	24	44	31	1
CGI_10008263	5	42	14	40
CGI_10022882	51	13	18	19
CGI_10003423	2	44	21	34
CGI_10006606	2	41	23	35
CGI_10006128	0	44	25	31
CGI_10021995	33	24	30	13
CGI_10020382	6	23	1	71
CGI_10016474	67	13	8	12
CGI_10020204	0	35	22	44
CGI_10026694	29	17	24	30
CGI_10008521	5	38	11	46
CGI_10012108	12	36	13	40
CGI_10006106	21	37	17	26
CGI_10027970	0	17	8	75
CGI_10005770	2	26	31	41
CGI_10001832	12	37	19	32
CGI_10008416	12	37	19	32
CGI_10017842	7	41	20	31
CGI_10010832	6	26	26	42
CGI_10001507	0	38	19	43
CGI_10009508	6	24	19	51
CGI_10018768	19	21	32	27
CGI_10009804	26	31	24	19
CGI_10006156	12	33	24	30
CGI_10005931	0	27	14	59
CGI_10017545	14	29	22	34
CGI_10019456	14	27	20	39
CGI_10021693	25	15	32	28
CGI_10021862	25	15	32	28
CGI_10010402	13	30	31	25
CGI_10010509	0	39	27	34
CGI_10010270	8	32	20	40
CGI_10023506	0	45	8	47
CGI_10008420	13	5	22	60
CGI_10006280	10	39	17	34
CGI_10010486	1	44	14	41
CGI_10019314	16	29	36	19
CGI_10002917	25	32	18	25
CGI_10007950	13	32	24	32
CGI_10024678	8	31	25	36
CGI_10025060	34	24	34	8
CGI_10013607	10	24	33	33
CGI_10007865	19	40	6	35
CGI_10007792	10	25	62	2
CGI_10022554	22	35	34	9
CGI_10017719	16	37	24	23
CGI_10018006	23	24	33	20
CGI_10000071	6	48	20	25
CGI_10017736	6	48	20	25
CGI_10002041	8	27	18	47
CGI_10017333	7	44	18	32
CGI_10015125	13	36	26	25
CGI_10014126	8	55	0	37
CGI_10013525	12	33	34	21
CGI_10020391	2	48	6	44
CGI_10003211	12	25	32	31
CGI_10025658	13	29	25	34
CGI_10014051	17	19	51	14
CGI_10016940	17	30	17	36
CGI_10014349	7	31	16	46
CGI_10017730	13	28	21	38
CGI_10012466	20	26	27	27
CGI_10002261	3	44	19	34
CGI_10009531	7	38	29	27
CGI_10022185	13	34	8	45
CGI_10003608	1	33	16	50
CGI_10013075	7	27	24	42
CGI_10020462	12	34	19	35
CGI_10023132	15	47	16	22
CGI_10024057	9	39	20	32
CGI_10016769	19	48	9	24
CGI_10012024	0	41	21	38
CGI_10027605	2	51	14	33
CGI_10002653	9	40	13	38
CGI_10025417	16	30	20	34
CGI_10024719	5	36	26	33
CGI_10007559	0	59	20	21
CGI_10005974	44	25	5	27
CGI_10003983	14	18	29	39
CGI_10015433	39	8	45	8
CGI_10016999	3	34	18	44
CGI_10023171	3	52	12	33
CGI_10008200	10	39	14	37
CGI_10024265	0	34	23	43
CGI_10013830	0	77	8	16
CGI_10017805	10	34	24	31
CGI_10016914	4	37	16	42
CGI_10025210	5	44	14	36
CGI_10000745	12	30	24	34
CGI_10007006	12	30	35	22
CGI_10005385	15	22	22	41
CGI_10013108	18	48	10	24
CGI_10027530	8	17	35	41
CGI_10008162	6	34	16	45
CGI_10004176	0	65	5	30
CGI_10007126	16	29	15	40
CGI_10015177	20	29	20	32
CGI_10004388	13	37	25	25
CGI_10014220	69	8	12	10
CGI_10003059	0	0	0	100
CGI_10015598	13	32	8	48
CGI_10014648	11	28	31	30
CGI_10016508	14	38	17	31
CGI_10016509	14	38	17	31
CGI_10004418	3	35	18	44
CGI_10017532	50	10	12	28
CGI_10014682	0	32	0	67
CGI_10006756	20	36	20	24
CGI_10015506	14	45	26	16
CGI_10010106	0	39	16	45
CGI_10028820	0	39	16	45
CGI_10001813	36	18	11	35
CGI_10026631	0	54	7	39
CGI_10014924	0	0	0	100
CGI_10015959	0	39	20	41
CGI_10020454	13	29	29	29
CGI_10005537	13	34	8	45
CGI_10023269	0	0	33	67
CGI_10015646	23	16	35	25
CGI_10005568	18	47	0	35
CGI_10021062	0	33	32	34
CGI_10006312	23	34	22	20
CGI_10019804	12	35	24	29
CGI_10019493	18	29	18	35
CGI_10024867	45	14	41	0
CGI_10024868	45	14	41	0
CGI_10024869	45	14	41	0
CGI_10004865	8	35	15	42
CGI_10011595	11	38	25	26
CGI_10001800	0	0	100	0
CGI_10001802	0	0	100	0
CGI_10017335	0	20	0	80
CGI_10015394	9	32	25	34
CGI_10018340	19	35	16	30
CGI_10027654	7	8	27	58
CGI_10019454	8	25	21	46
CGI_10015530	26	7	57	10
CGI_10028193	18	37	35	11
CGI_10018934	4	47	17	32
CGI_10015468	14	36	13	37
CGI_10018550	3	40	8	49
CGI_10021676	16	27	12	46
CGI_10028344	10	34	19	37
CGI_10016102	4	33	48	15
CGI_10004335	16	26	32	26
CGI_10004614	16	26	32	26
CGI_10004021	17	39	10	34
CGI_10011521	75	13	12	0
CGI_10019665	9	81	3	7
CGI_10013191	7	20	25	48
CGI_10002890	3	34	24	40
CGI_10021787	12	26	17	46
CGI_10017534	7	44	15	34
CGI_10018919	7	0	0	93
CGI_10018920	7	0	0	93
CGI_10026082	34	29	16	21
CGI_10002360	6	34	17	43
CGI_10012581	8	37	17	37
CGI_10017598	31	22	24	23
CGI_10025937	8	26	15	52
CGI_10022618	33	3	27	37
CGI_10002110	6	33	24	37
CGI_10027775	10	36	13	41
CGI_10023850	8	18	34	39
CGI_10021311	48	15	16	22
CGI_10020770	26	28	22	23
CGI_10011284	9	41	19	30
CGI_10021561	0	63	0	36
CGI_10026309	10	32	10	48
CGI_10016936	8	42	15	35
CGI_10021393	30	70	0	0
CGI_10025127	0	24	2	74
CGI_10012578	11	33	16	40
CGI_10028030	7	48	13	32
CGI_10017301	2	41	0	57
CGI_10026314	8	43	20	29
CGI_10028023	0	47	6	47
CGI_10021938	26	0	23	51
CGI_10009825	0	0	100	0
CGI_10004929	7	22	20	52
CGI_10006438	7	22	20	52
CGI_10008828	7	22	20	52
CGI_10023863	7	22	20	52
CGI_10008705	11	49	16	23
CGI_10006847	0	52	9	39
CGI_10018019	17	48	12	23
CGI_10006119	8	32	31	29
CGI_10002366	14	47	12	26
CGI_10013357	14	29	22	35
CGI_10013640	14	29	22	35
CGI_10005852	0	43	12	45
CGI_10026086	10	44	19	27
CGI_10015745	12	39	15	34
CGI_10005383	4	40	20	36
CGI_10022006	10	57	5	29
CGI_10014725	15	35	19	31
CGI_10013024	2	52	0	45
CGI_10027758	7	33	15	44
CGI_10017745	14	33	25	28
CGI_10027888	4	29	37	29
CGI_10009380	0	43	14	43
CGI_10005536	86	14	0	1
CGI_10008027	22	26	28	23
CGI_10015934	22	26	28	23
CGI_10012094	18	37	24	21
CGI_10004769	12	31	21	36
CGI_10014775	43	56	0	0
CGI_10008865	16	23	24	37
CGI_10019830	10	25	10	54
CGI_10028338	12	48	12	28
CGI_10015070	47	26	0	27
CGI_10026985	13	33	11	43
CGI_10019076	8	42	11	39
CGI_10021343	9	25	48	18
CGI_10005307	7	42	10	41
CGI_10007637	0	41	22	38
CGI_10019713	0	54	25	21
CGI_10026510	25	31	19	25
CGI_10010422	7	45	6	42
CGI_10008963	14	21	42	23
CGI_10005149	7	27	14	52
CGI_10028704	7	27	14	52
CGI_10009681	14	39	18	30
CGI_10013316	12	32	23	33
CGI_10028692	0	54	4	42
CGI_10003962	0	12	23	65
CGI_10026863	0	12	23	65
CGI_10018881	22	33	7	38
CGI_10000120	7	70	6	17
CGI_10002237	7	70	6	17
CGI_10002513	7	70	6	17
CGI_10002972	7	70	6	17
CGI_10003137	7	70	6	17
CGI_10003205	7	70	6	17
CGI_10006463	7	70	6	17
CGI_10010501	7	70	6	17
CGI_10011277	7	70	6	17
CGI_10011998	7	70	6	17
CGI_10012312	7	70	6	17
CGI_10012968	7	70	6	17
CGI_10015673	7	70	6	17
CGI_10015674	7	70	6	17
CGI_10015675	7	70	6	17
CGI_10017813	7	70	6	17
CGI_10021442	7	70	6	17
CGI_10021540	7	70	6	17
CGI_10021886	7	70	6	17
CGI_10021887	7	70	6	17
CGI_10022115	7	70	6	17
CGI_10022911	7	70	6	17
CGI_10000013	4	40	18	37
CGI_10023188	29	19	25	27
CGI_10013285	0	47	34	19
CGI_10010707	18	55	27	0
CGI_10022621	20	43	34	2
CGI_10015619	23	26	23	28
CGI_10027284	71	17	0	12
CGI_10009399	16	36	46	2
CGI_10011364	1	45	0	54
CGI_10023527	1	45	0	54
CGI_10019686	21	30	26	23
CGI_10021193	11	32	14	42
CGI_10027171	12	31	25	32
CGI_10009211	9	30	6	55
CGI_10009434	21	74	3	3
CGI_10018033	8	36	17	40
CGI_10018039	8	36	17	40
CGI_10025803	8	36	17	40
CGI_10009278	40	22	11	26
CGI_10002519	20	38	0	42
CGI_10025107	12	34	24	30
CGI_10000174	0	38	0	62
CGI_10003072	0	38	0	62
CGI_10023712	35	8	36	21
CGI_10005005	21	31	23	25
CGI_10015845	21	9	28	42
CGI_10010750	3	46	0	51
CGI_10020480	0	39	19	42
CGI_10025677	0	42	17	41
CGI_10014466	12	13	10	65
CGI_10011951	11	39	19	31
CGI_10011894	0	20	40	40
CGI_10023521	0	82	4	14
CGI_10020760	0	45	1	54
CGI_10004334	17	27	30	26
CGI_10006406	1	47	14	38
CGI_10010275	16	27	26	31
CGI_10001440	9	36	8	46
CGI_10025761	29	19	25	28
CGI_10002438	31	32	6	31
CGI_10003475	15	35	21	30
CGI_10014343	13	29	29	30
CGI_10023598	0	50	9	41
CGI_10027721	34	11	30	25
CGI_10000867	20	22	28	30
CGI_10015029	0	0	81	19
CGI_10018521	8	37	23	32
CGI_10026001	56	16	12	15
CGI_10023265	6	37	13	43
CGI_10004224	0	100	0	0
CGI_10010462	0	100	0	0
CGI_10015704	14	30	17	39
CGI_10023361	48	5	23	24
CGI_10019698	8	20	47	25
CGI_10023343	8	44	12	37
CGI_10024526	2	60	0	38
CGI_10005478	91	0	3	6
CGI_10016135	16	32	29	24
CGI_10009846	12	32	29	27
CGI_10009575	14	43	29	15
CGI_10016145	2	53	16	29
CGI_10000070	14	33	33	20
CGI_10027954	14	33	33	20
CGI_10009367	16	33	23	27
CGI_10004964	32	20	16	32
CGI_10027885	1	42	16	40
CGI_10001109	16	48	8	28
CGI_10018764	3	67	2	29
CGI_10009721	14	26	28	32
CGI_10017704	26	43	24	8
CGI_10013155	26	36	13	25
CGI_10023430	6	22	30	42
CGI_10028370	26	34	31	8
CGI_10005085	20	51	10	19
CGI_10004165	79	4	17	0
CGI_10016717	27	39	0	33
CGI_10004644	13	31	16	40
CGI_10013312	11	42	23	24
CGI_10005199	14	31	22	34
CGI_10015431	30	37	0	33
CGI_10023793	26	32	13	30
CGI_10026322	2	24	19	55
CGI_10014650	6	75	9	10
CGI_10008579	11	35	25	28
CGI_10009474	11	35	25	28
CGI_10018230	17	24	23	35
CGI_10008295	7	48	26	19
CGI_10016549	20	21	33	27
CGI_10016565	4	39	19	39
CGI_10017093	0	0	100	0
CGI_10020709	12	47	27	14
CGI_10028034	1	16	22	61
CGI_10017981	0	0	100	0
CGI_10021109	23	16	9	52
CGI_10009964	0	100	0	0
CGI_10026323	18	35	17	31
CGI_10006975	4	35	9	52
CGI_10010025	5	51	2	43
CGI_10011720	12	32	28	27
CGI_10002253	5	35	18	42
CGI_10012488	21	29	33	17
CGI_10012572	21	29	25	25
CGI_10011471	8	40	19	34
CGI_10025621	0	32	10	58
CGI_10007550	8	35	22	36
CGI_10010610	29	0	39	32
CGI_10027745	10	48	9	32
CGI_10026683	21	16	51	12
CGI_10007907	0	48	0	51
CGI_10023223	0	74	0	26
CGI_10022880	67	8	16	8
CGI_10026634	10	15	24	52
CGI_10003382	28	1	15	55
CGI_10023900	7	44	10	39
CGI_10022095	14	37	22	27
CGI_10012106	33	14	32	21
CGI_10015116	23	27	22	27
CGI_10025351	10	39	20	31
CGI_10021617	15	33	21	30
CGI_10016329	2	42	34	22
CGI_10017778	15	13	32	40
CGI_10021863	27	46	0	27
CGI_10015344	21	27	25	27
CGI_10003426	10	31	14	44
CGI_10001276	21	34	15	30
CGI_10011096	25	16	43	16
CGI_10023822	5	40	12	44
CGI_10024839	42	28	13	18
CGI_10026650	12	35	19	34
CGI_10017931	15	35	22	28
CGI_10020511	25	47	5	23
CGI_10020997	9	16	36	39
CGI_10016821	0	2	3	95
CGI_10021156	0	2	3	95
CGI_10014979	10	48	10	33
CGI_10022062	5	21	26	47
CGI_10009994	31	25	22	22
CGI_10012901	17	17	31	35
CGI_10026470	82	0	0	18
CGI_10017631	5	29	3	64
CGI_10015807	11	36	30	22
CGI_10005094	16	47	15	23
CGI_10019307	0	68	1	32
CGI_10020933	31	19	27	24
CGI_10000381	12	29	15	44
CGI_10020539	13	33	23	32
CGI_10004789	9	40	26	25
CGI_10021162	17	33	12	39
CGI_10024548	16	34	20	30
CGI_10027127	19	6	18	56
CGI_10005609	1	59	6	34
CGI_10028689	15	46	8	30
CGI_10010188	3	42	25	31
CGI_10028103	12	37	13	38
CGI_10000684	1	39	11	49
CGI_10026504	2	38	10	51
CGI_10010810	2	61	16	21
CGI_10001344	16	1	1	83
CGI_10000248	10	35	26	29
CGI_10006526	27	26	18	30
CGI_10023355	76	15	0	9
CGI_10016070	18	56	13	13
CGI_10012393	5	44	0	51
CGI_10000886	20	48	8	24
CGI_10013074	30	29	18	23
CGI_10005676	4	36	15	45
CGI_10019933	37	13	35	16
CGI_10019526	15	37	18	30
CGI_10001323	6	23	37	34
CGI_10008381	6	12	79	3
CGI_10003352	14	24	30	33
CGI_10026114	7	37	13	43
CGI_10001374	4	54	13	30
CGI_10025602	4	54	13	30
CGI_10005321	0	0	29	71
CGI_10010133	0	28	33	39
CGI_10010284	1	99	0	0
CGI_10005726	0	77	0	23
CGI_10023678	18	57	2	23
CGI_10002457	6	53	16	25
CGI_10015978	6	53	16	25
CGI_10022918	4	32	31	33
CGI_10024777	10	30	20	40
CGI_10019148	10	38	22	30
CGI_10020097	7	43	41	9
CGI_10010052	0	39	45	16
CGI_10015737	17	31	19	33
CGI_10026496	0	49	11	41
CGI_10022094	0	48	0	52
CGI_10018882	19	44	18	19
CGI_10026164	0	56	12	32
CGI_10016989	25	20	37	19
CGI_10010822	10	50	12	29
CGI_10011008	25	53	12	11
CGI_10023342	23	28	4	45
CGI_10002553	0	33	22	45
CGI_10018450	0	31	34	35
CGI_10012680	17	38	12	33
CGI_10021944	25	51	24	0
CGI_10007141	6	34	15	45
CGI_10016471	14	48	0	38
CGI_10022996	0	67	23	10
CGI_10021833	28	52	9	12
CGI_10028273	7	28	23	42
CGI_10004053	0	42	11	47
CGI_10015475	12	35	26	28
CGI_10026568	37	27	7	29
CGI_10028101	8	29	33	30
CGI_10026605	29	8	0	62
CGI_10011968	19	31	26	25
CGI_10005261	11	28	27	34
CGI_10005444	11	28	27	34
CGI_10025706	22	20	22	36
CGI_10020014	2	29	4	64
CGI_10014943	13	37	15	36
CGI_10026762	5	57	27	10
CGI_10014264	8	37	17	38
CGI_10003288	6	29	17	47
CGI_10014059	0	42	31	27
CGI_10006397	8	31	20	41
CGI_10006566	22	10	43	25
CGI_10016612	37	21	30	13
CGI_10015712	26	28	24	22
CGI_10002827	25	20	36	18
CGI_10024319	25	20	36	18
CGI_10024702	5	56	0	39
CGI_10024793	1	42	16	41
CGI_10016304	14	39	16	31
CGI_10017050	0	26	10	64
CGI_10013820	0	10	81	8
CGI_10016238	0	10	81	8
CGI_10008715	8	40	16	36
CGI_10023240	3	54	18	25
CGI_10026278	9	44	22	25
CGI_10004741	43	7	0	50
CGI_10004560	10	31	21	38
CGI_10006238	21	37	16	26
CGI_10007080	9	33	16	42
CGI_10006569	11	51	13	24
CGI_10010075	2	38	25	36
CGI_10027015	14	36	9	40
CGI_10013913	0	49	15	36
CGI_10024761	0	49	15	36
CGI_10024762	0	49	15	36
CGI_10002367	11	35	20	33
CGI_10025200	43	21	17	18
CGI_10006718	4	29	28	39
CGI_10022784	4	29	28	39
CGI_10009060	33	29	12	26
CGI_10001490	57	25	9	10
CGI_10027546	17	30	28	25
CGI_10021424	5	88	3	3
CGI_10019453	15	33	18	34
CGI_10026552	98	0	0	2
CGI_10026956	20	31	29	20
CGI_10027880	8	53	24	15
CGI_10023441	0	36	15	49
CGI_10020735	0	43	6	51
CGI_10017149	37	37	6	20
CGI_10017224	14	33	17	36
CGI_10007230	16	29	28	27
CGI_10015190	18	40	30	12
CGI_10023490	29	39	13	19
CGI_10004950	0	60	7	33
CGI_10003446	15	19	16	50
CGI_10012749	18	36	21	26
CGI_10021212	0	50	1	49
CGI_10027540	0	36	15	49
CGI_10004062	49	10	37	3
CGI_10028418	49	10	37	3
CGI_10003156	10	43	10	37
CGI_10024381	27	5	5	63
CGI_10016285	18	28	21	33
CGI_10024491	18	28	21	33
CGI_10016956	13	34	19	34
CGI_10023495	19	36	20	25
CGI_10024246	8	39	10	42
CGI_10005875	9	23	35	33
CGI_10002729	27	32	0	41
CGI_10011117	0	0	19	81
CGI_10015882	37	46	17	0
CGI_10023362	9	46	13	32
CGI_10020540	7	29	22	42
CGI_10011204	1	47	0	53
CGI_10022766	18	33	22	27
CGI_10013189	10	36	12	42
CGI_10012027	0	0	0	100
CGI_10004396	13	34	20	33
CGI_10025948	25	30	29	17
CGI_10001358	0	4	13	83
CGI_10007087	0	4	13	83
CGI_10015233	0	4	13	83
CGI_10016932	0	4	13	83
CGI_10026701	0	4	13	83
CGI_10016648	15	35	11	39
CGI_10024292	0	48	13	39
CGI_10012398	2	29	13	55
CGI_10006113	0	47	11	42
CGI_10021302	0	40	11	49
CGI_10022189	6	74	4	16
CGI_10020782	1	47	17	34
CGI_10008494	3	39	23	36
CGI_10012532	2	0	0	97
CGI_10000402	10	27	15	48
CGI_10022952	0	23	57	20
CGI_10006178	5	33	23	39
CGI_10008793	8	20	23	50
CGI_10008795	8	20	23	50
CGI_10004940	0	40	16	44
CGI_10000289	18	22	38	22
CGI_10000426	18	22	38	22
CGI_10000755	18	22	38	22
CGI_10001235	18	22	38	22
CGI_10001250	18	22	38	22
CGI_10001634	18	22	38	22
CGI_10001710	18	22	38	22
CGI_10001794	18	22	38	22
CGI_10002644	18	22	38	22
CGI_10004271	18	22	38	22
CGI_10005620	18	22	38	22
CGI_10006223	18	22	38	22
CGI_10010269	18	22	38	22
CGI_10011966	18	22	38	22
CGI_10014820	18	22	38	22
CGI_10015662	18	22	38	22
CGI_10017138	18	22	38	22
CGI_10018009	18	22	38	22
CGI_10018579	18	22	38	22
CGI_10019322	18	22	38	22
CGI_10019959	18	22	38	22
CGI_10019972	18	22	38	22
CGI_10020753	18	22	38	22
CGI_10021132	18	22	38	22
CGI_10022394	18	22	38	22
CGI_10022797	18	22	38	22
CGI_10028068	18	22	38	22
CGI_10015264	22	60	12	6
CGI_10028738	25	1	1	73
CGI_10014055	9	35	28	28
CGI_10018300	42	25	11	22
CGI_10026782	5	7	17	71
CGI_10010724	5	37	23	35
CGI_10002192	0	19	25	55
CGI_10013207	20	24	28	28
CGI_10024625	4	31	30	34
CGI_10017278	16	30	27	27
CGI_10010168	15	35	25	26
CGI_10000903	17	30	23	30
CGI_10014595	9	32	24	35
CGI_10014404	13	6	70	11
CGI_10021646	14	13	10	63
CGI_10004702	11	42	10	37
CGI_10018834	0	6	11	83
CGI_10010773	36	10	49	5
CGI_10024168	0	41	22	37
CGI_10011024	0	47	20	33
CGI_10018645	0	29	26	44
CGI_10022879	26	18	22	34
CGI_10002658	0	0	45	55
CGI_10022531	0	41	24	35
CGI_10019413	0	18	43	39
CGI_10002462	2	60	8	29
CGI_10018268	10	84	6	0
CGI_10024646	11	10	10	69
CGI_10013636	6	36	29	29
CGI_10012838	0	33	24	43
CGI_10016909	14	35	21	29
CGI_10011254	18	21	37	24
CGI_10009977	5	30	29	36
CGI_10002017	15	49	20	17
CGI_10027199	8	13	24	55
CGI_10024068	21	21	39	20
CGI_10024069	21	21	39	20
CGI_10013199	12	37	26	25
CGI_10009976	10	22	21	48
CGI_10000091	0	0	11	89
CGI_10001581	0	0	11	89
CGI_10001817	0	0	11	89
CGI_10003054	0	0	11	89
CGI_10004463	0	0	11	89
CGI_10008369	0	0	11	89
CGI_10009237	0	0	11	89
CGI_10009238	0	0	11	89
CGI_10012690	0	0	11	89
CGI_10015310	0	0	11	89
CGI_10015313	0	0	11	89
CGI_10015314	0	0	11	89
CGI_10016677	0	0	11	89
CGI_10016730	0	0	11	89
CGI_10020991	0	0	11	89
CGI_10020992	0	0	11	89
CGI_10021387	0	0	11	89
CGI_10022624	0	0	11	89
CGI_10022653	0	0	11	89
CGI_10024202	0	0	11	89
CGI_10024723	0	0	11	89
CGI_10027952	0	0	11	89
CGI_10028240	0	0	11	89
CGI_10011338	0	33	24	43
CGI_10011155	0	23	4	73
CGI_10005180	30	23	4	42
CGI_10018176	9	26	20	45
CGI_10023797	9	44	21	26
CGI_10004164	5	78	17	0
CGI_10004166	5	78	17	0
CGI_10018361	0	37	23	41
CGI_10019315	7	36	18	39
CGI_10000776	8	33	20	38
CGI_10023727	8	33	20	38
CGI_10003262	36	8	31	26
CGI_10003201	13	58	16	13
CGI_10021338	7	18	39	36
CGI_10008997	5	1	63	31
CGI_10021630	5	1	63	31
CGI_10021277	14	36	23	27
CGI_10008794	0	21	25	54
CGI_10001558	17	29	26	28
CGI_10020634	3	41	0	55
CGI_10004549	1	43	25	31
CGI_10022307	1	40	8	51
CGI_10008731	0	33	35	32
CGI_10024696	11	38	23	29
CGI_10018256	10	16	41	33
CGI_10024778	20	41	24	14
CGI_10021679	7	35	12	45
CGI_10007955	16	46	0	38
CGI_10028386	3	53	12	32
CGI_10008805	37	62	1	1
CGI_10021169	23	0	38	39
CGI_10007013	2	93	0	5
CGI_10004348	3	19	37	40
CGI_10024852	28	44	28	0
CGI_10004734	0	39	33	28
CGI_10011897	31	19	29	21
CGI_10011899	31	19	29	21
CGI_10003025	1	27	33	39
CGI_10015012	23	25	29	23
CGI_10007629	6	45	18	31
CGI_10012829	0	100	0	0
CGI_10004512	7	39	34	21
CGI_10023934	33	15	0	52
CGI_10020681	50	1	49	1
CGI_10011864	0	36	21	43
CGI_10005753	6	39	14	41
CGI_10026664	10	38	0	51
CGI_10013930	16	47	31	6
CGI_10002252	19	47	9	24
CGI_10022807	19	47	9	24
CGI_10023874	51	19	9	21
CGI_10013510	10	42	18	29
CGI_10027128	56	22	0	22
CGI_10013526	19	16	31	34
CGI_10017615	0	30	18	53
CGI_10010695	9	21	15	55
CGI_10003120	14	21	26	39
CGI_10011556	0	47	4	49
CGI_10004849	39	27	13	20
CGI_10007745	0	74	0	26
CGI_10024079	11	29	29	30
CGI_10003543	10	58	3	30
CGI_10017279	19	45	11	25
CGI_10026115	0	71	14	15
CGI_10013387	33	22	24	21
CGI_10026499	12	22	31	35
CGI_10013973	18	23	11	48
CGI_10018984	7	42	20	31
CGI_10011963	12	21	31	35
CGI_10017531	16	28	31	24
CGI_10007652	0	23	32	45
CGI_10026144	7	87	4	2
CGI_10023268	7	10	55	29
CGI_10008581	0	38	32	30
CGI_10007785	21	31	20	28
CGI_10025906	13	27	26	34
CGI_10015014	0	51	14	35
CGI_10018116	47	31	15	6
CGI_10025808	4	40	17	39
CGI_10006564	21	0	50	29
CGI_10027607	7	13	38	43
CGI_10017720	16	38	0	46
CGI_10011798	12	24	15	50
CGI_10018765	21	15	33	32
CGI_10013781	38	0	0	61
CGI_10019926	10	22	23	45
CGI_10023190	0	0	0	100
CGI_10014058	7	44	18	31
CGI_10006124	0	42	12	46
CGI_10021706	0	42	12	46
CGI_10024652	0	14	22	64
CGI_10022434	0	20	41	39
CGI_10002970	1	36	13	50
CGI_10026697	0	0	23	76
CGI_10027853	0	62	37	0
CGI_10027843	35	18	31	15
CGI_10002451	91	0	0	9
CGI_10004552	0	34	25	41
CGI_10005699	1	41	12	46
CGI_10010265	0	44	5	51
CGI_10008487	0	48	0	52
CGI_10001286	0	26	37	37
CGI_10006649	0	26	37	37
CGI_10007676	0	26	37	37
CGI_10007681	0	26	37	37
CGI_10012261	0	26	37	37
CGI_10023411	0	26	37	37
CGI_10023516	0	26	37	37
CGI_10023930	14	50	0	35
CGI_10028197	20	31	14	35
CGI_10001364	24	27	22	27
CGI_10003416	24	27	22	27
CGI_10007051	24	27	22	27
CGI_10007775	24	27	22	27
CGI_10008591	24	27	22	27
CGI_10010060	24	27	22	27
CGI_10012453	24	27	22	27
CGI_10013826	24	27	22	27
CGI_10020717	24	27	22	27
CGI_10023339	24	27	22	27
CGI_10008921	24	27	22	27
CGI_10008338	18	46	8	27
CGI_10025868	0	40	14	47
CGI_10000642	15	25	25	35
CGI_10028464	15	25	25	35
CGI_10028465	15	25	25	35
CGI_10014602	24	30	12	34
CGI_10012826	13	29	8	51
CGI_10021126	0	38	22	40
CGI_10028333	30	17	27	27
CGI_10018718	0	56	0	44
CGI_10021987	0	56	0	44
CGI_10014040	16	36	26	23
CGI_10009962	7	36	18	39
CGI_10021222	18	38	24	20
CGI_10001780	8	37	27	28
CGI_10012843	8	37	27	28
CGI_10025660	15	63	4	19
CGI_10012124	66	25	0	9
CGI_10016128	0	54	0	46
CGI_10005668	16	38	18	29
CGI_10005646	7	32	16	45
CGI_10015405	24	54	22	0
CGI_10008852	52	9	20	18
CGI_10027405	24	43	0	33
CGI_10020803	6	35	22	37
CGI_10021346	43	0	20	37
CGI_10018172	24	45	13	17
CGI_10011950	16	18	26	39
CGI_10025139	0	0	42	58
CGI_10011916	0	33	42	24
CGI_10027920	7	63	7	24
CGI_10027921	7	63	7	24
CGI_10014461	0	38	12	50
CGI_10011195	54	25	10	11
CGI_10002547	0	17	76	6
CGI_10028569	6	7	21	65
CGI_10005276	10	50	5	34
CGI_10024384	5	32	25	38
CGI_10004437	11	1	0	88
CGI_10013111	4	36	22	38
CGI_10020900	3	44	24	29
CGI_10000417	0	29	8	63
CGI_10022028	8	52	18	22
CGI_10022993	8	52	18	22
CGI_10004540	31	47	6	16
CGI_10020494	53	35	12	1
CGI_10005224	1	44	13	42
CGI_10014227	1	44	13	42
CGI_10017611	0	50	0	50
CGI_10014709	20	29	21	30
CGI_10007631	12	33	21	34
CGI_10008106	16	57	13	14
CGI_10009221	4	24	26	47
CGI_10020475	85	0	15	0
CGI_10001712	7	23	38	31
CGI_10015230	39	47	13	0
CGI_10012098	20	20	33	26
CGI_10013705	6	35	16	43
CGI_10014480	8	50	17	26
CGI_10010800	0	36	11	53
CGI_10014587	12	40	19	30
CGI_10016018	0	42	30	28
CGI_10023095	17	45	7	31
CGI_10004026	0	0	51	49
CGI_10026900	0	58	13	28
CGI_10006906	30	18	12	40
CGI_10000082	2	50	3	45
CGI_10020724	2	50	3	45
CGI_10015532	5	51	11	34
CGI_10025912	0	69	14	17
CGI_10027475	0	40	0	60
CGI_10005411	9	30	33	28
CGI_10015975	4	38	17	41
CGI_10014222	0	55	8	37
CGI_10024211	11	37	19	33
CGI_10005356	20	30	18	31
CGI_10008012	0	50	0	50
CGI_10017291	9	36	7	48
CGI_10025994	20	24	17	39
CGI_10008913	0	98	0	2
CGI_10020631	0	98	0	2
CGI_10002439	26	8	49	17
CGI_10006408	19	36	0	44
CGI_10020638	12	61	27	0
CGI_10023375	24	19	36	22
CGI_10014348	0	28	14	58
CGI_10014917	0	46	0	54
CGI_10009552	3	49	3	45
CGI_10002987	14	41	38	8
CGI_10008019	0	53	8	39
CGI_10022096	2	31	37	31
CGI_10015628	1	40	18	42
CGI_10012461	84	16	0	0
CGI_10016143	86	0	13	0
CGI_10020032	11	72	13	4
CGI_10005762	100	0	0	0
CGI_10018228	0	52	5	43
CGI_10000093	0	50	9	41
CGI_10019891	0	50	9	41
CGI_10000166	0	100	0	0
CGI_10008577	6	36	7	50
CGI_10009680	0	33	31	36
CGI_10027892	27	33	12	27
CGI_10003741	17	41	12	30
CGI_10023695	56	0	44	0
CGI_10004520	24	19	22	35
CGI_10005495	0	33	27	40
CGI_10018458	5	9	35	52
CGI_10027653	0	93	0	6
CGI_10027089	21	28	24	28
CGI_10025793	14	19	24	44
CGI_10015672	14	19	24	44
CGI_10021097	14	19	24	44
CGI_10026005	5	46	9	39
CGI_10010273	31	20	28	21
CGI_10016260	14	24	30	33
CGI_10021531	13	55	1	30
CGI_10025394	0	94	0	6
CGI_10017281	12	29	26	33
CGI_10028390	0	23	13	64
CGI_10021663	1	88	0	11
CGI_10005256	16	30	21	33
CGI_10020352	46	28	0	26
CGI_10024098	46	28	0	26
CGI_10027416	0	62	0	37
CGI_10022566	27	43	9	21
CGI_10008930	8	43	7	42
CGI_10005907	21	12	39	28
CGI_10003816	8	61	14	17
CGI_10023873	0	40	0	60
CGI_10028795	2	32	20	45
CGI_10003351	2	32	20	45
CGI_10016261	2	32	20	45
CGI_10023401	13	35	21	31
CGI_10021403	16	19	27	38
CGI_10002168	0	44	31	25
CGI_10002225	4	31	28	37
CGI_10011192	4	31	28	37
CGI_10011212	4	31	28	37
CGI_10013737	4	31	28	37
CGI_10011038	0	57	0	43
CGI_10005126	6	55	12	28
CGI_10004129	0	19	26	56
CGI_10022771	0	19	26	56
CGI_10014087	8	31	26	34
CGI_10014907	8	31	26	34
CGI_10022903	8	31	26	34
CGI_10007766	8	26	23	43
CGI_10025468	8	26	23	43
CGI_10025715	12	38	0	50
CGI_10007105	15	36	18	32
CGI_10015352	70	13	3	14
CGI_10014847	44	1	26	29
CGI_10023288	7	61	11	21
CGI_10026181	21	31	30	17
CGI_10018709	15	30	47	9
CGI_10001381	93	0	7	0
CGI_10016887	6	50	17	26
CGI_10021568	21	48	28	3
CGI_10017017	0	56	0	44
CGI_10003621	0	0	53	47
CGI_10025710	28	15	25	32
CGI_10019329	5	33	40	22
CGI_10021031	0	16	14	70
CGI_10020020	12	24	34	31
CGI_10028112	4	49	24	23
CGI_10015121	9	30	11	50
CGI_10027712	27	34	27	13
CGI_10026261	0	32	13	55
CGI_10028778	0	65	12	23
CGI_10018175	31	31	23	15
CGI_10028077	1	47	9	42
CGI_10009135	14	25	24	37
CGI_10007049	0	50	27	23
CGI_10024994	0	50	27	23
CGI_10019638	0	46	0	53
CGI_10012565	30	7	34	30
CGI_10021536	21	79	0	0
CGI_10017450	39	0	34	26
CGI_10016927	13	25	31	31
CGI_10020403	7	30	24	39
CGI_10009478	14	47	0	39
CGI_10027854	62	27	11	0
CGI_10007636	26	24	25	26
CGI_10020241	0	0	0	99
CGI_10016331	35	1	28	36
CGI_10007544	9	5	37	49
CGI_10022787	61	0	38	0
CGI_10015189	8	43	19	30
CGI_10003381	0	16	11	73
CGI_10028780	20	44	7	28
CGI_10028638	27	0	27	47
CGI_10028038	0	39	33	27
CGI_10011576	8	33	26	33
CGI_10009002	13	37	24	26
CGI_10009124	6	35	18	41
CGI_10007021	67	31	1	1
CGI_10012183	11	36	17	36
CGI_10004989	35	24	30	11
CGI_10007639	0	68	0	32
CGI_10026285	19	0	26	54
CGI_10015276	36	34	30	0
CGI_10023657	0	100	0	0
CGI_10011903	0	12	64	24
CGI_10008421	43	13	43	0
CGI_10026131	45	39	16	0
CGI_10022321	12	11	43	34
CGI_10016928	15	16	32	37
CGI_10000403	22	22	55	1
CGI_10024298	3	30	44	23
CGI_10015045	9	45	22	24
CGI_10019146	0	60	23	17
CGI_10006003	35	24	15	27
CGI_10000242	1	43	26	30
CGI_10021936	4	27	26	43
CGI_10015001	0	44	13	43
CGI_10022999	2	46	0	52
CGI_10021632	6	30	3	61
CGI_10013807	0	48	10	42
CGI_10026446	13	10	14	64
CGI_10006214	13	0	49	37
CGI_10023719	14	13	33	41
CGI_10021896	24	29	31	16
CGI_10006505	42	41	8	9
CGI_10011638	0	41	11	47
CGI_10018933	0	71	0	29
CGI_10024583	7	33	24	37
CGI_10017903	0	61	10	29
CGI_10020408	3	42	0	54
CGI_10005534	20	35	35	10
CGI_10024258	64	28	3	4
CGI_10006857	17	21	26	36
CGI_10023650	4	37	14	45
CGI_10005910	33	27	24	17
CGI_10002089	64	1	33	2
CGI_10024759	0	37	35	27
CGI_10016399	3	59	21	16
CGI_10010046	45	37	18	0
CGI_10003801	0	1	36	63
CGI_10022125	0	1	12	88
CGI_10007316	4	22	32	42
CGI_10009923	0	26	73	0
CGI_10021946	50	13	0	37
CGI_10003857	0	51	0	49
CGI_10010715	0	33	37	31
CGI_10006361	9	19	38	34
CGI_10021185	19	43	23	14
CGI_10012198	42	0	57	0
CGI_10010393	70	5	12	13
CGI_10028343	9	40	14	37
CGI_10004533	0	31	2	67
CGI_10019212	40	12	17	31
CGI_10015257	21	37	18	25
CGI_10003076	14	0	14	73
CGI_10016468	14	0	14	73
CGI_10014941	59	1	1	39
CGI_10026810	19	0	10	70
CGI_10015818	0	13	10	77
CGI_10000293	0	49	0	51
CGI_10018229	14	35	21	30
CGI_10026025	28	36	20	16
CGI_10013920	0	50	17	33
CGI_10021698	31	4	34	31
CGI_10020677	25	22	36	18
CGI_10012171	0	47	10	43
CGI_10023801	21	40	11	28
CGI_10016947	27	32	25	16
CGI_10010395	34	34	17	15
CGI_10023108	8	0	31	61
CGI_10025128	29	1	57	13
CGI_10028009	46	53	1	1
CGI_10024111	13	29	15	43
CGI_10015608	0	34	0	66
CGI_10014459	3	19	19	58
CGI_10011120	0	66	3	31
CGI_10006039	0	27	6	67
CGI_10004363	14	23	28	35
CGI_10004289	0	57	0	43
CGI_10014260	4	19	26	51
CGI_10017210	4	34	25	37
CGI_10003568	37	4	31	28
CGI_10006389	0	9	11	80
CGI_10016359	27	1	70	2
CGI_10015365	48	11	19	22
CGI_10015369	48	11	19	22
CGI_10010208	26	41	24	9
CGI_10022772	0	59	39	1
CGI_10016221	0	38	16	47
CGI_10003984	9	27	38	26
CGI_10026617	27	52	0	21
CGI_10021044	0	69	9	22
CGI_10026831	0	80	1	19
CGI_10012900	0	45	22	33
CGI_10000994	20	30	28	22
CGI_10022174	20	30	28	22
CGI_10004667	22	28	24	26
CGI_10009606	22	28	24	26
CGI_10025311	0	31	23	46
CGI_10001471	9	27	38	26
CGI_10019375	0	47	17	36
CGI_10006669	10	1	31	59
CGI_10010659	0	49	19	31
CGI_10023644	0	31	9	60
CGI_10008185	4	24	2	70
CGI_10006175	0	61	11	27
CGI_10010282	0	40	0	60
CGI_10014107	0	57	1	42
CGI_10020994	17	22	22	39
CGI_10026652	0	70	28	2
CGI_10027579	28	46	15	11
CGI_10004088	0	44	8	47
CGI_10027308	13	71	16	1
CGI_10018358	48	1	5	46
CGI_10008870	20	19	29	32
CGI_10004099	0	52	0	48
CGI_10001011	13	65	10	12
CGI_10024527	64	16	0	20
CGI_10001506	0	53	7	40
CGI_10010625	0	35	41	24
CGI_10017068	0	0	0	100
CGI_10018841	0	53	0	46
CGI_10025442	18	24	33	25
CGI_10009588	21	34	16	28
CGI_10000122	19	30	31	20
CGI_10000738	100	0	0	0
CGI_10023814	100	0	0	0
CGI_10028808	43	26	3	28
CGI_10017177	32	18	32	18
CGI_10017659	0	54	0	46
CGI_10022845	18	31	41	10
CGI_10021831	3	30	50	17
CGI_10017058	20	30	24	25
CGI_10018214	20	30	24	25
CGI_10014657	45	32	12	11
CGI_10014660	45	32	12	11
CGI_10023385	19	35	19	26
CGI_10018570	0	28	30	42
CGI_10018878	10	25	41	23
CGI_10028934	22	39	13	26
CGI_10009282	0	44	0	55
CGI_10009392	0	44	0	55
CGI_10015195	3	55	18	24
CGI_10005862	20	2	5	74
CGI_10028574	5	39	28	28
CGI_10022187	15	58	0	27
CGI_10004132	17	64	1	19
CGI_10007980	13	42	0	44
CGI_10020969	40	1	59	1
CGI_10006129	99	0	0	0
CGI_10022009	7	0	53	39
CGI_10027933	0	99	0	1
CGI_10016933	17	18	34	30
CGI_10006318	0	40	21	39
CGI_10022322	14	39	10	37
CGI_10017632	1	58	21	21
CGI_10004957	26	50	0	23
CGI_10017708	66	0	33	0
CGI_10017709	66	0	33	0
CGI_10019970	5	36	0	59
CGI_10015993	17	1	55	27
CGI_10020779	6	34	29	32
CGI_10008574	5	54	0	42
CGI_10002925	76	23	0	1
CGI_10004030	12	31	27	29
CGI_10028246	11	32	12	45
CGI_10012013	25	4	3	68
CGI_10009055	0	23	11	66
CGI_10017661	3	39	23	35
CGI_10021983	46	27	27	0
CGI_10002266	0	14	40	46
CGI_10012975	0	14	40	46
CGI_10022718	0	14	40	46
CGI_10021313	0	14	40	46
CGI_10025106	0	99	0	0
CGI_10006111	46	4	23	27
CGI_10004944	15	23	32	30
CGI_10017922	0	30	0	69
CGI_10014153	0	0	0	100
CGI_10024730	19	11	31	38
CGI_10012081	14	25	44	18
CGI_10003516	18	47	28	6
CGI_10022038	52	13	35	0
CGI_10007759	23	0	33	43
CGI_10019471	29	10	34	27
CGI_10025798	9	35	1	56
CGI_10025801	9	35	1	56
CGI_10025712	9	22	23	46
CGI_10016246	0	0	0	99
CGI_10006196	100	0	0	0
CGI_10003992	13	50	7	30
CGI_10010068	0	58	40	2
CGI_10006453	8	92	0	0
CGI_10006454	8	92	0	0
CGI_10006501	12	36	17	34
CGI_10011579	7	31	21	41
CGI_10012625	1	32	24	43
CGI_10004973	21	27	19	32
CGI_10004272	61	9	27	3
CGI_10000168	4	42	2	51
CGI_10027587	4	42	2	51
CGI_10027588	4	42	2	51
CGI_10027232	0	0	99	0
CGI_10005666	8	52	20	20
CGI_10023958	0	29	5	67
CGI_10015828	0	48	0	52
CGI_10011289	0	55	22	23
CGI_10026991	15	0	58	27
CGI_10022623	2	97	0	1
CGI_10006056	0	68	10	22
CGI_10009872	0	88	0	12
CGI_10018564	0	25	26	48
CGI_10015597	99	1	0	0
CGI_10008837	4	33	17	46
CGI_10013528	0	54	19	27
CGI_10028413	0	24	26	50
CGI_10017892	28	18	28	26
CGI_10028209	3	47	7	43
CGI_10014127	38	1	0	61
CGI_10004678	9	18	33	39
CGI_10000541	25	17	32	26
CGI_10003890	32	12	56	0
CGI_10003034	0	0	99	0
CGI_10003035	0	0	99	0
CGI_10015930	21	0	12	66
CGI_10001110	2	41	0	57
CGI_10022553	0	19	48	32
CGI_10004746	78	8	6	9
CGI_10026219	0	34	0	65
CGI_10010799	0	49	10	41
CGI_10022153	15	9	34	43
CGI_10009284	14	35	20	30
CGI_10007249	29	1	0	70
CGI_10019011	20	25	18	38
CGI_10014273	26	19	35	20
CGI_10019788	40	31	1	28
CGI_10014965	31	13	31	24
CGI_10006738	98	1	0	0
CGI_10005482	7	26	31	36
CGI_10009421	33	1	66	0
CGI_10013878	15	15	35	35
CGI_10011767	9	44	0	47
CGI_10020350	9	44	0	47
CGI_10018385	15	33	30	22
CGI_10019685	7	42	17	34
CGI_10006065	0	52	0	48
CGI_10014774	1	34	50	16
CGI_10028835	29	14	16	41
CGI_10009071	0	34	0	66
CGI_10001310	9	25	27	39
CGI_10005243	33	28	21	18
CGI_10025370	27	17	55	0
CGI_10028411	27	17	55	0
CGI_10024640	17	29	27	27
CGI_10015115	0	42	0	57
CGI_10015928	96	2	1	1
CGI_10021472	32	20	28	20
CGI_10015763	0	83	0	17
CGI_10027881	0	1	0	98
CGI_10027816	0	94	6	0
CGI_10027361	11	23	24	42
CGI_10014469	34	14	42	10
CGI_10000195	22	36	21	21
CGI_10006416	0	98	1	1
CGI_10011476	31	25	3	41
CGI_10000229	31	25	3	41
CGI_10000750	31	25	3	41
CGI_10003706	31	25	3	41
CGI_10003894	31	25	3	41
CGI_10016412	31	25	3	41
CGI_10017061	31	25	3	41
CGI_10022497	31	25	3	41
CGI_10027643	31	25	3	41
CGI_10027802	31	25	3	41
CGI_10018606	0	67	0	33
CGI_10017392	27	31	0	42
CGI_10010389	17	1	33	48
CGI_10018789	10	24	31	35
CGI_10015149	2	34	33	31
CGI_10013947	29	40	12	19
CGI_10002446	0	1	99	1
CGI_10005434	0	58	25	16
CGI_10016977	0	1	98	0
CGI_10027611	0	98	1	1
CGI_10012224	60	1	39	1
CGI_10012225	60	1	39	1
CGI_10004628	6	14	64	15
CGI_10023237	17	36	47	0
CGI_10025008	11	26	14	48
CGI_10000545	0	48	17	35
CGI_10022967	0	48	17	35
CGI_10017694	21	23	27	29
CGI_10011101	86	1	11	1
CGI_10009705	0	19	0	80
CGI_10013178	28	10	26	35
CGI_10016401	52	0	44	4
CGI_10007281	79	20	0	0
CGI_10014296	79	20	0	0
CGI_10015032	0	99	0	1
CGI_10024992	0	66	18	16
CGI_10005453	52	48	0	0
CGI_10017370	0	40	26	35
CGI_10018940	15	39	5	40
CGI_10017624	13	12	20	54
CGI_10013777	41	23	16	20
CGI_10027031	0	44	11	46
CGI_10023025	0	48	15	36
CGI_10028389	7	0	93	0
CGI_10002516	58	0	18	24
CGI_10022056	0	65	15	19
CGI_10025532	0	65	15	19
CGI_10012735	2	97	0	1
CGI_10007071	44	2	53	1
CGI_10019309	8	38	21	33
CGI_10011850	0	99	0	0
CGI_10018615	3	97	0	1
CGI_10027193	0	100	0	0
CGI_10011196	0	0	100	0
CGI_10027898	1	39	28	33
CGI_10027901	1	39	28	33
CGI_10027902	1	39	28	33
CGI_10025956	0	28	19	53
CGI_10017165	22	24	22	33
CGI_10021214	52	4	22	22
CGI_10012570	20	38	42	1
CGI_10010268	1	1	1	98
CGI_10003458	0	37	18	45
CGI_10007850	0	37	18	45
CGI_10010795	0	37	18	45
CGI_10016563	0	38	30	31
CGI_10016418	5	38	28	29
CGI_10014540	6	48	21	25
CGI_10013481	23	36	0	41
CGI_10005157	0	40	58	1
CGI_10020062	0	64	0	36
CGI_10020851	1	1	98	1
CGI_10020006	99	0	0	0
CGI_10026281	0	0	32	67
CGI_10006237	33	42	0	24
CGI_10018341	33	42	0	24
CGI_10004458	0	43	40	17
CGI_10014503	15	32	20	33
CGI_10022309	39	0	61	0
CGI_10014081	0	17	0	82
CGI_10007807	2	82	10	6
CGI_10002016	26	7	36	32
CGI_10011420	9	19	1	72
CGI_10003636	3	22	15	60
CGI_10006894	0	24	0	75
CGI_10005095	2	39	0	59
CGI_10003479	48	18	15	19
CGI_10011562	14	21	37	28
CGI_10013417	12	59	29	0
CGI_10016510	58	34	1	7
CGI_10000785	16	28	23	32
CGI_10020023	16	28	23	32
CGI_10020025	16	28	23	32
CGI_10010630	25	2	42	31
CGI_10022825	20	22	2	55
CGI_10007892	81	10	2	7
CGI_10021830	0	57	7	36
CGI_10006872	24	45	30	1
CGI_10013943	68	1	31	0
CGI_10004023	15	2	43	41
CGI_10021421	0	23	10	67
CGI_10007133	0	63	8	29
CGI_10007345	18	41	41	0
CGI_10005709	12	13	0	75
CGI_10018231	49	26	17	8
CGI_10012609	0	49	0	51
CGI_10000135	0	1	33	66
CGI_10015437	17	24	30	29
CGI_10023679	0	1	42	57
CGI_10014592	0	0	51	49
CGI_10024657	16	46	0	38
CGI_10009921	0	88	0	11
CGI_10017345	93	3	1	3
CGI_10010231	0	33	29	38
CGI_10006806	0	21	0	79
CGI_10026693	99	1	0	0
CGI_10024233	99	1	1	0
CGI_10014382	13	4	42	41
CGI_10007872	0	22	43	35
CGI_10012007	0	22	43	35
CGI_10017588	0	22	43	35
CGI_10017589	0	22	43	35
CGI_10003112	0	75	0	25
CGI_10017857	0	27	6	66
CGI_10019374	2	41	9	49
CGI_10020139	19	68	0	13
CGI_10019012	28	30	16	27
CGI_10013630	43	25	22	10
CGI_10010085	53	8	19	20
CGI_10012920	20	30	22	27
CGI_10021771	20	30	22	27
CGI_10027052	99	1	0	0
CGI_10017774	0	58	42	0
CGI_10019457	4	41	55	0
CGI_10012095	97	1	0	1
CGI_10006023	0	48	29	23
CGI_10022113	98	1	1	1
CGI_10002918	13	33	17	37
CGI_10025852	18	13	69	0
CGI_10026703	0	73	0	27
CGI_10009467	0	0	0	99
CGI_10019048	26	23	21	30
CGI_10010830	98	1	0	1
CGI_10001740	34	38	28	0
CGI_10006116	34	38	28	0
CGI_10007502	34	38	28	0
CGI_10012999	34	38	28	0
CGI_10010166	2	44	10	44
CGI_10018613	18	1	80	1
CGI_10027619	1	1	0	98
CGI_10000986	6	28	66	0
CGI_10018708	6	28	66	0
CGI_10001603	0	43	0	56
CGI_10028818	0	43	0	56
CGI_10017168	0	17	0	83
CGI_10022135	9	68	13	11
CGI_10001789	63	1	35	1
CGI_10010076	16	0	44	40
CGI_10028532	12	29	0	59
CGI_10023808	7	5	38	49
CGI_10011252	0	41	35	23
CGI_10008411	13	36	14	37
CGI_10019537	99	0	0	0
CGI_10023954	19	37	9	36
CGI_10023781	0	1	0	99
CGI_10016028	33	13	28	26
CGI_10004916	9	90	0	1
CGI_10006348	9	90	0	1
CGI_10026649	2	36	1	62
CGI_10013223	70	29	0	1
CGI_10024842	14	16	35	34
CGI_10005088	0	1	35	64
CGI_10006909	0	47	38	14
CGI_10017739	75	6	3	17
CGI_10003277	0	100	0	0
CGI_10013295	0	49	19	32
CGI_10025424	33	45	1	21
CGI_10010718	0	1	62	37
CGI_10012067	46	2	51	1
CGI_10000284	1	70	1	29
CGI_10018931	35	1	48	16
CGI_10020325	18	30	32	21
CGI_10003942	18	6	14	62
CGI_10006642	0	45	39	16
CGI_10027233	0	40	8	52
CGI_10005115	63	0	36	1
CGI_10028432	0	2	0	98
CGI_10023584	26	72	1	1
CGI_10028558	0	49	21	30
CGI_10019447	0	32	25	43
CGI_10010756	14	25	28	32
CGI_10011325	50	15	2	33
CGI_10006942	0	83	0	16
CGI_10024363	51	11	28	9
CGI_10025239	3	38	27	31
CGI_10016203	0	32	27	41
CGI_10028231	10	10	30	50
CGI_10011671	28	2	1	69
CGI_10026383	0	1	0	99
CGI_10019868	0	100	0	0
CGI_10016918	0	1	26	72
CGI_10012376	0	2	1	97
CGI_10001281	0	61	36	2
CGI_10008686	10	46	21	23
CGI_10028797	0	50	49	0
CGI_10017145	0	47	0	53
CGI_10013577	0	51	8	41
CGI_10015248	21	0	62	17
CGI_10010020	99	0	0	0
CGI_10003469	0	78	0	22
CGI_10019513	1	1	97	1
CGI_10017498	0	43	0	57
CGI_10008448	0	83	17	0
CGI_10008950	0	31	24	44
CGI_10023601	0	53	0	47
CGI_10009369	0	29	17	54
CGI_10011447	19	0	81	0
CGI_10002909	99	1	0	0
CGI_10019136	0	1	0	99
CGI_10013318	0	1	98	1
CGI_10009215	1	3	44	52
CGI_10017863	0	47	0	53
CGI_10002243	51	47	0	1
CGI_10002361	5	33	9	53
CGI_10004665	97	1	0	1
CGI_10025758	0	32	20	48
CGI_10025807	29	33	15	23
CGI_10012824	23	4	37	36
CGI_10008273	2	31	29	38
CGI_10026290	0	4	51	45
CGI_10012180	3	9	35	53
CGI_10020909	5	0	0	94
CGI_10026654	94	3	1	2
CGI_10013986	0	44	14	42
CGI_10001157	18	27	9	46
CGI_10010470	18	27	9	46
CGI_10021628	21	27	51	2
CGI_10016333	2	5	3	89
CGI_10013732	0	100	0	0
CGI_10006215	18	74	1	7
CGI_10024102	0	3	95	2
CGI_10023438	0	73	25	2
CGI_10022757	1	66	31	2
CGI_10008827	21	1	0	78
CGI_10017225	39	2	2	57
CGI_10007211	0	1	0	99
CGI_10004575	96	2	1	2
CGI_10018695	0	48	0	52
CGI_10006934	1	51	1	47
CGI_10005776	2	91	3	5
CGI_10003617	97	1	1	1
CGI_10018519	9	35	0	55
CGI_10020370	0	52	1	47
CGI_10019585	0	35	33	32
CGI_10001568	5	95	0	0
CGI_10025130	0	99	0	1
CGI_10004786	1	7	86	6
CGI_10023637	45	44	6	5
CGI_10003941	0	3	44	53
CGI_10010186	0	73	0	27
CGI_10023134	0	73	0	27
CGI_10021468	62	11	19	9
CGI_10010711	1	4	91	4
CGI_10010015	1	8	3	88
CGI_10009860	92	2	3	3
CGI_10011710	92	2	3	3
CGI_10021643	92	2	3	3
CGI_10021640	0	98	0	1
CGI_10011054	94	4	1	2
CGI_10022445	3	6	88	4
CGI_10000121	97	1	1	1
CGI_10026542	97	2	0	1
CGI_10027265	1	98	1	1
CGI_10004982	0	55	43	2
CGI_10007526	0	55	43	2
CGI_10003866	0	48	11	41
CGI_10022507	14	84	1	1
CGI_10022794	7	31	60	1
CGI_10011713	0	22	76	1
CGI_10016507	0	1	0	99
CGI_10026966	3	39	23	35
CGI_10020630	92	3	3	2
CGI_10022545	0	1	1	98
CGI_10022795	1	91	5	3
CGI_10025487	21	7	40	33
CGI_10025488	21	7	40	33
CGI_10002965	85	7	3	5
CGI_10019605	1	1	1	97
CGI_10000683	1	23	29	47
CGI_10005690	4	11	4	82
CGI_10007770	37	1	0	62
CGI_10009774	37	1	0	62
CGI_10020556	88	9	3	0
CGI_10013765	1	36	10	53
CGI_10001026	7	11	48	34
CGI_10021056	0	98	0	2
CGI_10024587	4	28	67	2
CGI_10014210	57	2	1	40
CGI_10002654	22	5	35	38
CGI_10001522	3	3	93	0
CGI_10016389	19	34	10	37
CGI_10020695	44	7	44	5
CGI_10027054	0	58	19	23
CGI_10022063	0	93	1	5
CGI_10005414	0	3	95	2
CGI_10016377	96	2	0	1
CGI_10007070	1	1	96	2
CGI_10015686	56	1	43	0
CGI_10012692	0	99	0	0
CGI_10008906	2	91	2	5
CGI_10008911	2	91	2	5
CGI_10003958	0	1	33	66
CGI_10004467	0	78	0	22
CGI_10003604	1	3	94	2
CGI_10002840	0	12	20	68
CGI_10005713	0	12	20	68
CGI_10003943	0	1	0	98
CGI_10008445	2	93	2	3
CGI_10021347	54	1	45	1
CGI_10026789	32	67	1	1
CGI_10018952	2	1	0	97
CGI_10001200	0	100	0	0
CGI_10023567	9	64	13	14
CGI_10028647	38	14	26	21
CGI_10003967	2	38	58	1
CGI_10023513	22	8	15	55
CGI_10005328	2	25	2	72
CGI_10026123	90	5	0	5
CGI_10006398	47	20	15	18
CGI_10007826	47	20	15	18
CGI_10025447	2	4	91	2
CGI_10005561	3	72	20	5
CGI_10014167	92	2	2	4
CGI_10025572	92	2	2	4
CGI_10001572	18	28	30	24
CGI_10016608	85	9	2	4
CGI_10005908	1	16	6	78
CGI_10006333	0	29	36	35
CGI_10020923	24	26	27	24
CGI_10007041	36	35	6	23
CGI_10009647	3	37	1	58
CGI_10002999	32	37	23	9
CGI_10007576	43	7	49	0
CGI_10001563	2	81	6	12
CGI_10018766	47	6	40	7
CGI_10027697	1	93	3	3
CGI_10028622	21	34	26	18
CGI_10001070	11	26	21	42
CGI_10003593	22	19	36	23
CGI_10018174	8	28	15	48
CGI_10010438	97	0	2	1
CGI_10004884	14	47	18	21
CGI_10020341	21	33	15	30
CGI_10011723	12	45	15	29
CGI_10021161	1	40	13	46
CGI_10006105	20	30	34	16
CGI_10009824	6	55	2	38
CGI_10007893	22	34	12	33
CGI_10010636	29	26	25	20
CGI_10003191	0	95	1	4
CGI_10028786	9	40	24	27
CGI_10016816	6	46	17	30
CGI_10017607	62	13	7	18
CGI_10012364	1	58	4	37
CGI_10016834	9	34	27	31
CGI_10022261	9	34	27	31
CGI_10002990	1	51	9	40
CGI_10026591	1	31	32	36
CGI_10013306	58	20	7	15
CGI_10015021	32	25	21	22
CGI_10018233	2	42	23	33
CGI_10004110	3	31	20	46
CGI_10004111	3	31	20	46
CGI_10022853	3	32	17	49
CGI_10011810	6	43	17	33
CGI_10008242	7	39	17	36
CGI_10001447	17	27	26	30
CGI_10004227	16	30	23	31
CGI_10013758	9	42	21	27
CGI_10008014	6	45	13	36
CGI_10003854	23	34	17	26
CGI_10012480	0	12	79	9
CGI_10012481	0	12	79	9
CGI_10027098	1	52	5	42
CGI_10003104	4	40	23	33
CGI_10003105	4	40	23	33
CGI_10009239	17	39	18	27
CGI_10014330	0	34	15	51
CGI_10026226	15	7	76	1
CGI_10011058	9	45	20	25
CGI_10019914	51	19	11	18
CGI_10019147	22	27	21	29
CGI_10010097	23	33	18	26
CGI_10017691	11	31	31	27
CGI_10022072	0	52	11	37
CGI_10006273	3	45	18	34
CGI_10003812	2	47	10	41
CGI_10010633	7	37	16	39
CGI_10016857	20	24	29	26
CGI_10002067	32	25	39	4
CGI_10009359	32	25	39	4
CGI_10004098	16	46	16	22
CGI_10013938	2	42	28	28
CGI_10004664	6	45	14	34
CGI_10017726	17	34	35	13
CGI_10022619	14	42	9	34
CGI_10015607	15	25	34	26
CGI_10004918	2	60	15	23
CGI_10024629	5	32	25	38
CGI_10017126	12	35	17	36
CGI_10011906	14	32	17	36
CGI_10013953	12	41	18	28
CGI_10020485	28	34	11	28
CGI_10015003	0	50	4	46
CGI_10008271	1	30	23	45
CGI_10026480	14	44	19	24
CGI_10024185	27	39	6	28
CGI_10011159	15	36	16	33
CGI_10014938	13	22	37	28
CGI_10009104	10	39	24	27
CGI_10010427	19	37	11	32
CGI_10017966	21	34	10	35
CGI_10023055	64	11	21	4
CGI_10006550	40	21	23	16
CGI_10027134	27	0	71	2
CGI_10003410	8	45	6	41
CGI_10020563	4	59	3	34
CGI_10024655	9	50	9	32
CGI_10018226	0	56	9	35
CGI_10006120	6	54	6	34
CGI_10024919	0	51	7	42
CGI_10022661	4	40	13	42
CGI_10018763	9	38	16	37
CGI_10008243	6	38	24	33
CGI_10004925	6	50	10	35
CGI_10009125	0	44	2	54
CGI_10017207	10	23	46	21
CGI_10009963	73	3	21	3
CGI_10025153	16	49	0	36
CGI_10017548	10	41	0	49
CGI_10009784	0	68	9	23
CGI_10020230	0	68	9	23
CGI_10016358	10	41	19	29
CGI_10004397	3	53	7	37
CGI_10011749	0	42	50	8
CGI_10016854	4	54	17	25
CGI_10026280	0	43	7	50
CGI_10004399	4	11	22	62
CGI_10016288	4	57	5	34
CGI_10020952	0	66	14	20
Sum of Area				
